10 8
20 15
30 20
40 25
50 30
60 35
70 40
80 45
90 50
100 55
110 60
120 67
130 76
140 84
150 93
160 100
170 107
180 115
190 123
200 129
210 135
220 143
230 148
240 156
250 163
260 169
270 175
280 181
290 184
300 187
310 192
320 196
330 200
340 206
350 212
360 216
370 223
380 227
390 233
400 238
410 239
420 243
430 248
440 255
450 259
460 264
470 268
480 274
490 277
500 280
510 283
520 287
530 292
540 299
550 300
560 303
570 306
580 310
590 315
600 320
610 326
620 330
630 335
640 338
650 344
660 348
670 355
680 358
690 359
700 361
710 365
720 368
730 371
740 375
750 376
760 380
770 384
780 387
790 391
800 395
810 398
820 401
830 405
840 408
850 411
860 416
870 421
880 423
890 427
900 430
910 434
920 438
930 442
940 446
950 449
960 454
970 461
980 466
990 470
1000 474
1010 477
1020 481
1030 485
1040 490
1050 494
1060 497
1070 501
1080 506
1090 512
1100 518
1110 522
1120 529
1130 532
1140 534
1150 538
1160 543
1170 546
1180 548
1190 551
1200 553
1210 557
1220 561
1230 565
1240 568
1250 571
1260 575
1270 580
1280 582
1290 584
1300 588
1310 590
1320 591
1330 592
1340 596
1350 600
1360 602
1370 605
1380 606
1390 609
1400 613
1410 615
1420 621
1430 624
1440 629
1450 629
1460 631
1470 634
1480 634
1490 635
1500 639
1510 641
1520 642
1530 646
1540 649
1550 649
1560 653
1570 657
1580 660
1590 663
1600 665
1610 667
1620 671
1630 674
1640 675
1650 675
1660 676
1670 676
1680 676
1690 677
1700 677
1710 679
1720 680
1730 681
1740 682
1750 682
1760 683
1770 685
1780 685
1790 687
1800 689
1810 691
1820 692
1830 693
1840 696
1850 697
1860 697
1870 699
1880 702
1890 705
1900 709
1910 712
1920 713
1930 717
1940 722
1950 723
1960 725
1970 726
1980 727
1990 730
2000 733
2010 736
2020 738
2030 741
2040 742
2050 745
2060 748
2070 750
2080 751
2090 754
2100 755
2110 758
2120 758
2130 760
2140 763
2150 766
2160 770
2170 773
2180 774
2190 776
2200 777
2210 777
2220 778
2230 782
2240 783
2250 786
2260 787
2270 787
2280 789
2290 791
2300 793
2310 794
2320 796
2330 798
2340 800
2350 801
2360 802
2370 804
2380 805
2390 806
2400 806
2410 808
2420 810
2430 814
2440 815
2450 817
2460 817
2470 821
2480 823
2490 826
2500 826
2510 831
2520 831
2530 831
2540 831
2550 832
2560 832
2570 834
2580 838
2590 839
2600 841
2610 844
2620 848
2630 851
2640 854
2650 860
2660 863
2670 866
2680 868
2690 869
2700 871
2710 873
2720 875
2730 876
2740 880
2750 881
2760 885
2770 887
2780 890
2790 893
2800 893
2810 894
2820 898
2830 898
2840 901
2850 902
2860 903
2870 906
2880 908
2890 909
2900 913
2910 916
2920 918
2930 921
2940 924
2950 927
2960 928
2970 929
2980 932
2990 934
3000 937
3010 940
3020 940
3030 942
3040 944
3050 944
3060 947
3070 948
3080 951
3090 954
3100 954
3110 959
3120 961
3130 962
3140 965
3150 966
3160 969
3170 970
3180 972
3190 974
3200 974
3210 974
3220 978
3230 979
3240 983
3250 987
3260 990
3270 992
3280 995
3290 997
3300 997
3310 999
3320 1003
3330 1004
3340 1005
3350 1007
3360 1010
3370 1011
3380 1013
3390 1015
3400 1016
3410 1018
3420 1018
3430 1019
3440 1022
3450 1025
3460 1029
3470 1032
3480 1034
3490 1037
3500 1040
3510 1041
3520 1044
3530 1048
3540 1050
3550 1053
3560 1054
3570 1058
3580 1062
3590 1065
3600 1067
3610 1068
3620 1069
3630 1070
3640 1070
3650 1070
3660 1071
3670 1072
3680 1074
3690 1076
3700 1076
3710 1078
3720 1078
3730 1079
3740 1081
3750 1082
3760 1083
3770 1085
3780 1088
3790 1090
3800 1091
3810 1093
3820 1094
3830 1097
3840 1098
3850 1098
3860 1099
3870 1100
3880 1101
3890 1102
3900 1103
3910 1104
3920 1106
3930 1108
3940 1108
3950 1109
3960 1113
3970 1116
3980 1118
3990 1118
4000 1122
4010 1124
4020 1125
4030 1125
4040 1127
4050 1128
4060 1129
4070 1131
4080 1134
4090 1138
4100 1144
4110 1145
4120 1145
4130 1147
4140 1150
4150 1150
4160 1150
4170 1151
4180 1152
4190 1153
4200 1158
4210 1160
4220 1162
4230 1164
4240 1166
4250 1169
4260 1171
4270 1172
4280 1175
4290 1177
4300 1179
4310 1181
4320 1181
4330 1183
4340 1185
4350 1187
4360 1187
4370 1189
4380 1191
4390 1192
4400 1193
4410 1193
4420 1193
4430 1194
4440 1195
4450 1196
4460 1196
4470 1198
4480 1199
4490 1199
4500 1202
4510 1202
4520 1206
4530 1208
4540 1209
4550 1210
4560 1210
4570 1213
4580 1213
4590 1216
4600 1220
4610 1222
4620 1223
4630 1224
4640 1226
4650 1227
4660 1227
4670 1230
4680 1231
4690 1233
4700 1234
4710 1235
4720 1238
4730 1238
4740 1240
4750 1242
4760 1243
4770 1246
4780 1249
4790 1254
4800 1256
4810 1260
4820 1261
4830 1262
4840 1262
4850 1264
4860 1266
4870 1267
4880 1268
4890 1271
4900 1275
4910 1277
4920 1279
4930 1281
4940 1282
4950 1284
4960 1286
4970 1287
4980 1291
4990 1293
5000 1293
5010 1293
5020 1295
5030 1297
5040 1298
5050 1299
5060 1300
5070 1301
5080 1303
5090 1305
5100 1307
5110 1309
5120 1309
5130 1310
5140 1310
5150 1312
5160 1314
5170 1315
5180 1317
5190 1317
5200 1318
5210 1318
5220 1319
5230 1319
5240 1319
5250 1321
5260 1324
5270 1324
5280 1325
5290 1329
5300 1329
5310 1329
5320 1331
5330 1332
5340 1338
5350 1339
5360 1343
5370 1343
5380 1344
5390 1347
5400 1349
5410 1352
5420 1353
5430 1353
5440 1354
5450 1355
5460 1355
5470 1358
5480 1359
5490 1359
5500 1361
5510 1363
5520 1364
5530 1367
5540 1369
5550 1369
5560 1371
5570 1372
5580 1373
5590 1373
5600 1375
5610 1377
5620 1380
5630 1382
5640 1383
5650 1385
5660 1385
5670 1385
5680 1388
5690 1391
5700 1392
5710 1393
5720 1394
5730 1394
5740 1394
5750 1397
5760 1400
5770 1403
5780 1403
5790 1407
5800 1408
5810 1409
5820 1412
5830 1414
5840 1416
5850 1419
5860 1426
5870 1427
5880 1434
5890 1439
5900 1442
5910 1448
5920 1451
5930 1452
5940 1454
5950 1455
5960 1456
5970 1458
5980 1458
5990 1460
6000 1463
6010 1463
6020 1464
6030 1467
6040 1469
6050 1469
6060 1471
6070 1471
6080 1473
6090 1475
6100 1476
6110 1477
6120 1478
6130 1479
6140 1480
6150 1481
6160 1484
6170 1485
6180 1485
6190 1487
6200 1489
6210 1489
6220 1489
6230 1491
6240 1492
6250 1494
6260 1496
6270 1498
6280 1499
6290 1499
6300 1500
6310 1501
6320 1503
6330 1503
6340 1504
6350 1507
6360 1507
6370 1508
6380 1509
6390 1513
6400 1517
6410 1517
6420 1518
6430 1520
6440 1520
6450 1522
6460 1522
6470 1523
6480 1524
6490 1526
6500 1526
6510 1528
6520 1529
6530 1532
6540 1534
6550 1535
6560 1536
6570 1536
6580 1539
6590 1541
6600 1543
6610 1544
6620 1545
6630 1545
6640 1545
6650 1548
6660 1549
6670 1549
6680 1549
6690 1551
6700 1553
6710 1555
6720 1555
6730 1555
6740 1557
6750 1560
6760 1561
6770 1565
6780 1566
6790 1568
6800 1569
6810 1571
6820 1573
6830 1575
6840 1576
6850 1576
6860 1576
6870 1579
6880 1584
6890 1586
6900 1588
6910 1589
6920 1592
6930 1592
6940 1594
6950 1594
6960 1596
6970 1597
6980 1598
6990 1600
7000 1602
7010 1603
7020 1603
7030 1604
7040 1605
7050 1605
7060 1606
7070 1607
7080 1608
7090 1609
7100 1610
7110 1610
7120 1611
7130 1613
7140 1614
7150 1617
7160 1621
7170 1622
7180 1622
7190 1623
7200 1623
7210 1624
7220 1625
7230 1629
7240 1629
7250 1629
7260 1630
7270 1633
7280 1633
7290 1633
7300 1636
7310 1638
7320 1640
7330 1643
7340 1644
7350 1649
7360 1652
7370 1654
7380 1656
7390 1658
7400 1660
7410 1662
7420 1662
7430 1663
7440 1665
7450 1666
7460 1667
7470 1668
7480 1670
7490 1672
7500 1675
7510 1677
7520 1678
7530 1679
7540 1681
7550 1682
7560 1683
7570 1685
7580 1687
7590 1692
7600 1692
7610 1693
7620 1694
7630 1695
7640 1697
7650 1698
7660 1698
7670 1698
7680 1698
7690 1698
7700 1700
7710 1700
7720 1702
7730 1703
7740 1706
7750 1707
7760 1707
7770 1710
7780 1712
7790 1713
7800 1716
7810 1716
7820 1717
7830 1721
7840 1722
7850 1723
7860 1723
7870 1725
7880 1729
7890 1730
7900 1732
7910 1732
7920 1732
7930 1733
7940 1734
7950 1735
7960 1735
7970 1736
7980 1736
7990 1736
8000 1738
8010 1739
8020 1741
8030 1742
8040 1744
8050 1744
8060 1746
8070 1747
8080 1747
8090 1747
8100 1749
8110 1753
8120 1756
8130 1760
8140 1763
8150 1765
8160 1768
8170 1770
8180 1771
8190 1771
8200 1772
8210 1774
8220 1776
8230 1776
8240 1777
8250 1779
8260 1779
8270 1779
8280 1779
8290 1782
8300 1782
8310 1782
8320 1785
8330 1786
8340 1787
8350 1788
8360 1789
8370 1790
8380 1794
8390 1795
8400 1796
8410 1797
8420 1797
8430 1797
8440 1797
8450 1799
8460 1801
8470 1802
8480 1803
8490 1803
8500 1804
8510 1805
8520 1807
8530 1809
8540 1810
8550 1810
8560 1814
8570 1815
8580 1816
8590 1818
8600 1822
8610 1823
8620 1828
8630 1831
8640 1833
8650 1834
8660 1835
8670 1837
8680 1841
8690 1845
8700 1845
8710 1845
8720 1846
8730 1848
8740 1848
8750 1852
8760 1853
8770 1856
8780 1858
8790 1858
8800 1861
8810 1864
8820 1866
8830 1868
8840 1869
8850 1872
8860 1873
8870 1874
8880 1874
8890 1874
8900 1875
8910 1878
8920 1879
8930 1882
8940 1884
8950 1885
8960 1886
8970 1886
8980 1890
8990 1890
9000 1891
9010 1892
9020 1893
9030 1894
9040 1895
9050 1899
9060 1901
9070 1902
9080 1904
9090 1905
9100 1905
9110 1908
9120 1908
9130 1910
9140 1913
9150 1913
9160 1913
9170 1918
9180 1920
9190 1921
9200 1922
9210 1922
9220 1923
9230 1924
9240 1924
9250 1926
9260 1929
9270 1931
9280 1932
9290 1934
9300 1934
9310 1938
9320 1939
9330 1941
9340 1941
9350 1941
9360 1941
9370 1942
9380 1942
9390 1943
9400 1944
9410 1944
9420 1945
9430 1946
9440 1947
9450 1948
9460 1948
9470 1948
9480 1949
9490 1950
9500 1950
9510 1955
9520 1955
9530 1957
9540 1957
9550 1957
9560 1959
9570 1960
9580 1960
9590 1962
9600 1963
9610 1968
9620 1971
9630 1972
9640 1975
9650 1975
9660 1976
9670 1976
9680 1977
9690 1979
9700 1980
9710 1981
9720 1982
9730 1982
9740 1984
9750 1986
9760 1987
9770 1989
9780 1991
9790 1996
9800 1997
9810 2000
9820 2000
9830 2001
9840 2001
9850 2004
9860 2006
9870 2007
9880 2007
9890 2008
9900 2008
9910 2009
9920 2012
9930 2012
9940 2014
9950 2014
9960 2016
9970 2017
9980 2017
9990 2021
10000 2022
10010 2025
10020 2025
10030 2025
10040 2026
10050 2027
10060 2029
10070 2029
10080 2031
10090 2033
10100 2034
10110 2034
10120 2035
10130 2035
10140 2037
10150 2038
10160 2040
10170 2041
10180 2041
10190 2043
10200 2044
10210 2046
10220 2046
10230 2046
10240 2047
10250 2047
10260 2048
10270 2049
10280 2049
10290 2049
10300 2051
10310 2051
10320 2052
10330 2052
10340 2054
10350 2054
10360 2056
10370 2056
10380 2058
10390 2059
10400 2060
10410 2061
10420 2062
10430 2065
10440 2068
10450 2068
10460 2069
10470 2070
10480 2072
10490 2073
10500 2073
10510 2075
10520 2076
10530 2077
10540 2078
10550 2079
10560 2080
10570 2080
10580 2082
10590 2083
10600 2083
10610 2084
10620 2085
10630 2086
10640 2088
10650 2093
10660 2094
10670 2095
10680 2096
10690 2096
10700 2096
10710 2097
10720 2098
10730 2099
10740 2100
10750 2101
10760 2102
10770 2102
10780 2103
10790 2104
10800 2105
10810 2108
10820 2108
10830 2108
10840 2108
10850 2110
10860 2110
10870 2116
10880 2117
10890 2117
10900 2118
10910 2122
10920 2123
10930 2124
10940 2124
10950 2124
10960 2124
10970 2125
10980 2126
10990 2127
11000 2128
11010 2130
11020 2130
11030 2131
11040 2134
11050 2135
11060 2137
11070 2139
11080 2142
11090 2145
11100 2145
11110 2146
11120 2147
11130 2147
11140 2148
11150 2149
11160 2149
11170 2149
11180 2151
11190 2152
11200 2154
11210 2155
11220 2156
11230 2158
11240 2158
11250 2159
11260 2161
11270 2162
11280 2166
11290 2169
11300 2170
11310 2170
11320 2170
11330 2171
11340 2172
11350 2173
11360 2175
11370 2175
11380 2177
11390 2177
11400 2178
11410 2179
11420 2180
11430 2180
11440 2181
11450 2181
11460 2181
11470 2181
11480 2182
11490 2182
11500 2184
11510 2185
11520 2186
11530 2187
11540 2187
11550 2187
11560 2187
11570 2188
11580 2188
11590 2189
11600 2189
11610 2189
11620 2189
11630 2189
11640 2189
11650 2191
11660 2191
11670 2191
11680 2191
11690 2192
11700 2192
11710 2193
11720 2193
11730 2193
11740 2193
11750 2193
11760 2194
11770 2195
11780 2195
11790 2197
11800 2197
11810 2197
11820 2197
11830 2198
11840 2199
11850 2200
11860 2201
11870 2201
11880 2202
11890 2202
11900 2202
11910 2205
11920 2206
11930 2206
11940 2208
11950 2209
11960 2210
11970 2211
11980 2212
11990 2212
12000 2213
12010 2213
12020 2214
12030 2216
12040 2217
12050 2219
12060 2221
12070 2223
12080 2223
12090 2223
12100 2225
12110 2225
12120 2225
12130 2225
12140 2226
12150 2226
12160 2227
12170 2229
12180 2229
12190 2229
12200 2229
12210 2231
12220 2231
12230 2233
12240 2234
12250 2235
12260 2235
12270 2238
12280 2239
12290 2241
12300 2241
12310 2242
12320 2242
12330 2243
12340 2243
12350 2243
12360 2243
12370 2244
12380 2245
12390 2245
12400 2247
12410 2247
12420 2247
12430 2249
12440 2249
12450 2250
12460 2252
12470 2252
12480 2254
12490 2254
12500 2255
12510 2256
12520 2257
12530 2257
12540 2258
12550 2258
12560 2258
12570 2258
12580 2261
12590 2262
12600 2263
12610 2264
12620 2264
12630 2264
12640 2264
12650 2265
12660 2265
12670 2265
12680 2265
12690 2265
12700 2265
12710 2265
12720 2267
12730 2267
12740 2269
12750 2270
12760 2270
12770 2272
12780 2272
12790 2273
12800 2275
12810 2277
12820 2278
12830 2282
12840 2284
12850 2287
12860 2288
12870 2290
12880 2290
12890 2290
12900 2290
12910 2290
12920 2290
12930 2290
12940 2290
12950 2292
12960 2294
12970 2295
12980 2295
12990 2295
13000 2296
13010 2296
13020 2297
13030 2298
13040 2299
13050 2300
13060 2301
13070 2302
13080 2304
13090 2304
13100 2305
13110 2306
13120 2306
13130 2307
13140 2309
13150 2312
13160 2312
13170 2312
13180 2313
13190 2314
13200 2316
13210 2316
13220 2316
13230 2317
13240 2318
13250 2318
13260 2321
13270 2321
13280 2321
13290 2323
13300 2325
13310 2325
13320 2326
13330 2328
13340 2329
13350 2330
13360 2330
13370 2331
13380 2331
13390 2332
13400 2332
13410 2332
13420 2332
13430 2333
13440 2334
13450 2335
13460 2336
13470 2337
13480 2337
13490 2337
13500 2337
13510 2337
13520 2337
13530 2337
13540 2338
13550 2338
13560 2338
13570 2338
13580 2340
13590 2342
13600 2343
13610 2343
13620 2343
13630 2343
13640 2343
13650 2343
13660 2344
13670 2344
13680 2344
13690 2344
13700 2344
13710 2345
13720 2346
13730 2346
13740 2346
13750 2346
13760 2348
13770 2348
13780 2349
13790 2349
13800 2349
13810 2349
13820 2350
13830 2351
13840 2351
13850 2351
13860 2351
13870 2351
13880 2351
13890 2352
13900 2353
13910 2354
13920 2354
13930 2354
13940 2354
13950 2354
13960 2354
13970 2354
13980 2355
13990 2355
14000 2355
14010 2359
14020 2361
14030 2361
14040 2362
14050 2363
14060 2363
14070 2363
14080 2363
14090 2365
14100 2365
14110 2366
14120 2366
14130 2366
14140 2366
14150 2367
14160 2368
14170 2369
14180 2370
14190 2370
14200 2370
14210 2370
14220 2371
14230 2371
14240 2371
14250 2373
14260 2374
14270 2375
14280 2376
14290 2376
14300 2376
14310 2376
14320 2376
14330 2377
14340 2377
14350 2377
14360 2377
14370 2378
14380 2378
14390 2378
14400 2378
14410 2379
14420 2379
14430 2380
14440 2382
14450 2382
14460 2384
14470 2384
14480 2384
14490 2384
14500 2384
14510 2384
14520 2384
14530 2384
14540 2385
14550 2386
14560 2387
14570 2387
14580 2387
14590 2387
14600 2388
14610 2388
14620 2388
14630 2388
14640 2388
14650 2388
14660 2388
14670 2388
14680 2388
14690 2390
14700 2390
14710 2391
14720 2391
14730 2391
14740 2394
14750 2395
14760 2396
14770 2396
14780 2396
14790 2397
14800 2398
14810 2399
14820 2399
14830 2401
14840 2402
14850 2403
14860 2403
14870 2404
14880 2405
14890 2406
14900 2406
14910 2406
14920 2408
14930 2410
14940 2410
14950 2410
14960 2411
14970 2412
14980 2412
14990 2414
15000 2414
15010 2414
15020 2414
15030 2414
15040 2414
15050 2415
15060 2418
15070 2418
15080 2418
15090 2418
15100 2420
15110 2420
15120 2420
15130 2421
15140 2422
15150 2422
15160 2422
15170 2422
15180 2422
15190 2422
15200 2423
15210 2426
15220 2426
15230 2428
15240 2428
15250 2429
15260 2430
15270 2430
15280 2430
15290 2430
15300 2430
15310 2430
15320 2430
15330 2430
15340 2430
15350 2430
15360 2431
15370 2432
15380 2433
15390 2433
15400 2433
15410 2433
15420 2433
15430 2435
15440 2435
15450 2436
15460 2437
15470 2438
15480 2439
15490 2439
15500 2440
15510 2441
15520 2443
15530 2444
15540 2445
15550 2445
15560 2447
15570 2450
15580 2450
15590 2451
15600 2452
15610 2452
15620 2453
15630 2453
15640 2453
15650 2454
15660 2454
15670 2454
15680 2454
15690 2455
15700 2455
15710 2455
15720 2456
15730 2456
15740 2456
15750 2457
15760 2457
15770 2459
15780 2459
15790 2459
15800 2459
15810 2459
15820 2460
15830 2460
15840 2460
15850 2460
15860 2460
15870 2460
15880 2460
15890 2460
15900 2462
15910 2462
15920 2463
15930 2463
15940 2463
15950 2464
15960 2465
15970 2466
15980 2467
15990 2467
16000 2469
16010 2470
16020 2471
16030 2471
16040 2473
16050 2473
16060 2473
16070 2474
16080 2475
16090 2476
16100 2477
16110 2477
16120 2477
16130 2477
16140 2477
16150 2477
16160 2477
16170 2477
16180 2477
16190 2477
16200 2477
16210 2477
16220 2477
16230 2477
16240 2477
16250 2478
16260 2478
16270 2479
16280 2480
16290 2481
16300 2481
16310 2481
16320 2482
16330 2483
16340 2484
16350 2484
16360 2486
16370 2487
16380 2487
16390 2488
16400 2488
16410 2488
16420 2488
16430 2488
16440 2490
16450 2492
16460 2492
16470 2493
16480 2493
16490 2494
16500 2494
16510 2494
16520 2494
16530 2495
16540 2495
16550 2496
16560 2496
16570 2496
16580 2496
16590 2496
16600 2496
16610 2496
16620 2496
16630 2497
16640 2497
16650 2498
16660 2499
16670 2499
16680 2499
16690 2499
16700 2499
16710 2500
16720 2500
16730 2501
16740 2501
16750 2501
16760 2501
16770 2503
16780 2504
16790 2504
16800 2507
16810 2508
16820 2509
16830 2510
16840 2510
16850 2511
16860 2512
16870 2513
16880 2513
16890 2513
16900 2513
16910 2515
16920 2516
16930 2516
16940 2517
16950 2518
16960 2518
16970 2519
16980 2519
16990 2520
17000 2520
17010 2521
17020 2521
17030 2521
17040 2521
17050 2522
17060 2523
17070 2523
17080 2523
17090 2523
17100 2523
17110 2524
17120 2524
17130 2524
17140 2525
17150 2525
17160 2525
17170 2525
17180 2525
17190 2526
17200 2527
17210 2527
17220 2528
17230 2529
17240 2531
17250 2532
17260 2532
17270 2532
17280 2533
17290 2533
17300 2534
17310 2534
17320 2535
17330 2536
17340 2537
17350 2537
17360 2538
17370 2538
17380 2538
17390 2539
17400 2539
17410 2542
17420 2544
17430 2545
17440 2545
17450 2546
17460 2546
17470 2547
17480 2547
17490 2548
17500 2549
17510 2551
17520 2551
17530 2551
17540 2553
17550 2553
17560 2553
17570 2554
17580 2554
17590 2555
17600 2556
17610 2556
17620 2556
17630 2557
17640 2559
17650 2559
17660 2559
17670 2561
17680 2561
17690 2561
17700 2563
17710 2563
17720 2565
17730 2566
17740 2568
17750 2569
17760 2569
17770 2571
17780 2571
17790 2571
17800 2573
17810 2573
17820 2574
17830 2576
17840 2577
17850 2577
17860 2577
17870 2578
17880 2579
17890 2581
17900 2582
17910 2582
17920 2582
17930 2582
17940 2583
17950 2583
17960 2584
17970 2584
17980 2584
17990 2584
18000 2585
18010 2585
18020 2585
18030 2585
18040 2585
18050 2585
18060 2585
18070 2586
18080 2587
18090 2588
18100 2589
18110 2590
18120 2590
18130 2591
18140 2592
18150 2593
18160 2594
18170 2594
18180 2595
18190 2596
18200 2598
18210 2598
18220 2599
18230 2599
18240 2599
18250 2599
18260 2599
18270 2600
18280 2602
18290 2603
18300 2605
18310 2605
18320 2607
18330 2608
18340 2608
18350 2608
18360 2608
18370 2608
18380 2608
18390 2608
18400 2609
18410 2609
18420 2610
18430 2610
18440 2610
18450 2610
18460 2610
18470 2611
18480 2613
18490 2613
18500 2614
18510 2615
18520 2615
18530 2615
18540 2616
18550 2616
18560 2617
18570 2618
18580 2618
18590 2618
18600 2618
18610 2620
18620 2620
18630 2620
18640 2620
18650 2620
18660 2620
18670 2620
18680 2621
18690 2622
18700 2622
18710 2622
18720 2622
18730 2622
18740 2623
18750 2623
18760 2623
18770 2624
18780 2625
18790 2625
18800 2626
18810 2627
18820 2629
18830 2630
18840 2630
18850 2631
18860 2631
18870 2632
18880 2632
18890 2633
18900 2634
18910 2635
18920 2635
18930 2635
18940 2635
18950 2635
18960 2636
18970 2636
18980 2636
18990 2637
19000 2637
19010 2637
19020 2637
19030 2638
19040 2640
19050 2641
19060 2642
19070 2643
19080 2643
19090 2643
19100 2644
19110 2644
19120 2644
19130 2644
19140 2644
19150 2644
19160 2645
19170 2646
19180 2646
19190 2647
19200 2649
19210 2649
19220 2650
19230 2650
19240 2653
19250 2653
19260 2653
19270 2653
19280 2654
19290 2655
19300 2655
19310 2655
19320 2656
19330 2656
19340 2656
19350 2656
19360 2656
19370 2657
19380 2657
19390 2657
19400 2658
19410 2659
19420 2660
19430 2660
19440 2660
19450 2660
19460 2660
19470 2661
19480 2661
19490 2663
19500 2663
19510 2663
19520 2665
19530 2665
19540 2667
19550 2669
19560 2669
19570 2669
19580 2669
19590 2669
19600 2669
19610 2671
19620 2671
19630 2677
19640 2678
19650 2678
19660 2679
19670 2679
19680 2681
19690 2681
19700 2682
19710 2682
19720 2682
19730 2683
19740 2683
19750 2685
19760 2687
19770 2689
19780 2689
19790 2691
19800 2692
19810 2693
19820 2693
19830 2694
19840 2695
19850 2695
19860 2695
19870 2696
19880 2696
19890 2696
19900 2696
19910 2696
19920 2696
19930 2697
19940 2698
19950 2700
19960 2700
19970 2703
19980 2704
19990 2705
20000 2705
20010 2707
20020 2707
20030 2707
20040 2708
20050 2708
20060 2710
20070 2711
20080 2711
20090 2711
20100 2711
20110 2711
20120 2712
20130 2713
20140 2714
20150 2714
20160 2715
20170 2716
20180 2717
20190 2717
20200 2717
20210 2717
20220 2717
20230 2717
20240 2717
20250 2717
20260 2717
20270 2717
20280 2717
20290 2718
20300 2719
20310 2719
20320 2719
20330 2719
20340 2719
20350 2720
20360 2721
20370 2721
20380 2722
20390 2723
20400 2724
20410 2724
20420 2724
20430 2724
20440 2724
20450 2725
20460 2725
20470 2725
20480 2726
20490 2727
20500 2727
20510 2727
20520 2727
20530 2731
20540 2735
20550 2737
20560 2737
20570 2739
20580 2741
20590 2743
20600 2744
20610 2749
20620 2749
20630 2749
20640 2749
20650 2749
20660 2750
20670 2752
20680 2754
20690 2755
20700 2757
20710 2757
20720 2759
20730 2760
20740 2761
20750 2761
20760 2761
20770 2763
20780 2765
20790 2766
20800 2770
20810 2775
20820 2780
20830 2780
20840 2781
20850 2781
20860 2781
20870 2785
20880 2786
20890 2786
20900 2787
20910 2788
20920 2789
20930 2790
20940 2792
20950 2793
20960 2794
20970 2796
20980 2796
20990 2798
21000 2798
21010 2800
21020 2800
21030 2801
21040 2802
21050 2803
21060 2803
21070 2804
21080 2805
21090 2805
21100 2805
21110 2806
21120 2806
21130 2808
21140 2808
21150 2809
21160 2810
21170 2812
21180 2812
21190 2812
21200 2813
21210 2813
21220 2815
21230 2816
21240 2816
21250 2816
21260 2816
21270 2818
21280 2818
21290 2818
21300 2818
21310 2818
21320 2818
21330 2819
21340 2819
21350 2820
21360 2820
21370 2820
21380 2820
21390 2820
21400 2821
21410 2823
21420 2823
21430 2825
21440 2826
21450 2827
21460 2827
21470 2828
21480 2828
21490 2829
21500 2829
21510 2829
21520 2829
21530 2829
21540 2829
21550 2830
21560 2831
21570 2831
21580 2832
21590 2833
21600 2835
21610 2836
21620 2837
21630 2840
21640 2840
21650 2840
21660 2842
21670 2843
21680 2843
21690 2843
21700 2844
21710 2844
21720 2844
21730 2844
21740 2844
21750 2845
21760 2845
21770 2845
21780 2846
21790 2846
21800 2846
21810 2847
21820 2849
21830 2849
21840 2850
21850 2851
21860 2853
21870 2854
21880 2855
21890 2857
21900 2857
21910 2859
21920 2862
21930 2862
21940 2864
21950 2864
21960 2865
21970 2866
21980 2868
21990 2868
22000 2868
22010 2868
22020 2868
22030 2869
22040 2870
22050 2870
22060 2871
22070 2873
22080 2874
22090 2875
22100 2875
22110 2875
22120 2876
22130 2876
22140 2877
22150 2878
22160 2879
22170 2880
22180 2881
22190 2881
22200 2882
22210 2882
22220 2882
22230 2883
22240 2884
22250 2884
22260 2884
22270 2884
22280 2884
22290 2884
22300 2886
22310 2886
22320 2886
22330 2887
22340 2887
22350 2888
22360 2890
22370 2890
22380 2890
22390 2890
22400 2890
22410 2891
22420 2891
22430 2891
22440 2891
22450 2891
22460 2894
22470 2896
22480 2896
22490 2896
22500 2897
22510 2899
22520 2899
22530 2899
22540 2899
22550 2899
22560 2899
22570 2899
22580 2900
22590 2900
22600 2900
22610 2900
22620 2900
22630 2900
22640 2900
22650 2900
22660 2900
22670 2900
22680 2900
22690 2900
22700 2900
22710 2900
22720 2901
22730 2901
22740 2901
22750 2902
22760 2902
22770 2902
22780 2903
22790 2905
22800 2906
22810 2907
22820 2908
22830 2908
22840 2908
22850 2908
22860 2908
22870 2908
22880 2908
22890 2908
22900 2908
22910 2908
22920 2908
22930 2908
22940 2909
22950 2909
22960 2909
22970 2910
22980 2910
22990 2910
23000 2910
23010 2910
23020 2910
23030 2910
23040 2910
23050 2912
23060 2912
23070 2912
23080 2912
23090 2913
23100 2914
23110 2914
23120 2914
23130 2915
23140 2916
23150 2916
23160 2916
23170 2916
23180 2916
23190 2916
23200 2916
23210 2916
23220 2916
23230 2916
23240 2916
23250 2917
23260 2918
23270 2920
23280 2920
23290 2921
23300 2922
23310 2922
23320 2923
23330 2923
23340 2923
23350 2923
23360 2923
23370 2923
23380 2923
23390 2923
23400 2923
23410 2923
23420 2923
23430 2923
23440 2923
23450 2923
23460 2924
23470 2924
23480 2925
23490 2925
23500 2925
23510 2925
23520 2925
23530 2926
23540 2926
23550 2926
23560 2927
23570 2927
23580 2927
23590 2927
23600 2927
23610 2928
23620 2929
23630 2930
23640 2930
23650 2930
23660 2930
23670 2930
23680 2930
23690 2931
23700 2932
23710 2932
23720 2934
23730 2934
23740 2935
23750 2935
23760 2935
23770 2937
23780 2937
23790 2937
23800 2937
23810 2937
23820 2938
23830 2939
23840 2939
23850 2939
23860 2939
23870 2939
23880 2939
23890 2939
23900 2940
23910 2940
23920 2940
23930 2940
23940 2941
23950 2941
23960 2942
23970 2942
23980 2942
23990 2943
24000 2943
24010 2944
24020 2944
24030 2945
24040 2945
24050 2946
24060 2947
24070 2947
24080 2948
24090 2949
24100 2950
24110 2951
24120 2952
24130 2954
24140 2956
24150 2956
24160 2956
24170 2959
24180 2959
24190 2959
24200 2959
24210 2960
24220 2960
24230 2960
24240 2961
24250 2961
24260 2962
24270 2963
24280 2963
24290 2963
24300 2963
24310 2965
24320 2965
24330 2965
24340 2966
24350 2967
24360 2967
24370 2968
24380 2968
24390 2968
24400 2968
24410 2970
24420 2970
24430 2970
24440 2970
24450 2970
24460 2970
24470 2970
24480 2970
24490 2970
24500 2970
24510 2970
24520 2971
24530 2971
24540 2971
24550 2972
24560 2973
24570 2974
24580 2975
24590 2975
24600 2975
24610 2976
24620 2976
24630 2977
24640 2978
24650 2978
24660 2978
24670 2978
24680 2979
24690 2979
24700 2979
24710 2979
24720 2979
24730 2979
24740 2979
24750 2979
24760 2983
24770 2983
24780 2984
24790 2984
24800 2984
24810 2984
24820 2984
24830 2984
24840 2984
24850 2984
24860 2984
24870 2984
24880 2984
24890 2984
24900 2984
24910 2984
24920 2984
24930 2984
24940 2984
24950 2984
24960 2984
24970 2984
24980 2984
24990 2984
25000 2984
25010 2985
25020 2986
25030 2986
25040 2986
25050 2986
25060 2986
25070 2986
25080 2986
25090 2986
25100 2986
25110 2986
25120 2986
25130 2986
25140 2986
25150 2986
25160 2986
25170 2986
25180 2986
25190 2986
25200 2986
25210 2986
25220 2986
25230 2986
25240 2986
25250 2986
25260 2986
25270 2987
25280 2987
25290 2988
25300 2988
25310 2988
25320 2988
25330 2990
25340 2991
25350 2991
25360 2991
25370 2992
25380 2992
25390 2992
25400 2992
25410 2992
25420 2992
25430 2992
25440 2992
25450 2992
25460 2993
25470 2993
25480 2994
25490 2995
25500 2996
25510 2997
25520 2998
25530 2999
25540 2999
25550 2999
25560 3000
25570 3000
25580 3002
25590 3002
25600 3002
25610 3002
25620 3003
25630 3004
25640 3004
25650 3004
25660 3005
25670 3005
25680 3005
25690 3005
25700 3005
25710 3007
25720 3007
25730 3007
25740 3007
25750 3008
25760 3008
25770 3009
25780 3011
25790 3011
25800 3011
25810 3011
25820 3012
25830 3014
25840 3014
25850 3014
25860 3015
25870 3016
25880 3018
25890 3018
25900 3019
25910 3019
25920 3020
25930 3021
25940 3024
25950 3027
25960 3028
25970 3029
25980 3031
25990 3034
26000 3039
26010 3040
26020 3040
26030 3041
26040 3042
26050 3044
26060 3046
26070 3047
26080 3047
26090 3047
26100 3049
26110 3051
26120 3053
26130 3053
26140 3056
26150 3058
26160 3061
26170 3066
26180 3066
26190 3069
26200 3071
26210 3073
26220 3077
26230 3077
26240 3077
26250 3080
26260 3081
26270 3081
26280 3081
26290 3082
26300 3082
26310 3083
26320 3083
26330 3084
26340 3085
26350 3085
26360 3085
26370 3085
26380 3085
26390 3086
26400 3086
26410 3087
26420 3088
26430 3088
26440 3088
26450 3089
26460 3089
26470 3089
26480 3089
26490 3089
26500 3089
26510 3089
26520 3089
26530 3089
26540 3089
26550 3089
26560 3089
26570 3090
26580 3090
26590 3090
26600 3091
26610 3092
26620 3092
26630 3092
26640 3093
26650 3094
26660 3094
26670 3094
26680 3094
26690 3094
26700 3095
26710 3096
26720 3097
26730 3099
26740 3100
26750 3100
26760 3100
26770 3100
26780 3100
26790 3100
26800 3100
26810 3102
26820 3102
26830 3102
26840 3103
26850 3103
26860 3106
26870 3106
26880 3106
26890 3108
26900 3109
26910 3109
26920 3109
26930 3110
26940 3110
26950 3110
26960 3110
26970 3110
26980 3110
26990 3110
27000 3110
27010 3110
27020 3110
27030 3110
27040 3111
27050 3111
27060 3112
27070 3112
27080 3113
27090 3113
27100 3115
27110 3116
27120 3117
27130 3118
27140 3121
27150 3122
27160 3122
27170 3124
27180 3125
27190 3126
27200 3126
27210 3127
27220 3127
27230 3127
27240 3127
27250 3127
27260 3129
27270 3129
27280 3129
27290 3129
27300 3129
27310 3129
27320 3129
27330 3130
27340 3130
27350 3130
27360 3131
27370 3131
27380 3131
27390 3133
27400 3133
27410 3133
27420 3134
27430 3134
27440 3134
27450 3134
27460 3135
27470 3136
27480 3137
27490 3139
27500 3139
27510 3139
27520 3139
27530 3141
27540 3143
27550 3144
27560 3145
27570 3146
27580 3147
27590 3147
27600 3148
27610 3148
27620 3148
27630 3148
27640 3148
27650 3149
27660 3149
27670 3149
27680 3149
27690 3149
27700 3149
27710 3149
27720 3149
27730 3149
27740 3149
27750 3150
27760 3150
27770 3150
27780 3150
27790 3151
27800 3151
27810 3151
27820 3151
27830 3151
27840 3151
27850 3151
27860 3151
27870 3151
27880 3151
27890 3151
27900 3151
27910 3153
27920 3153
27930 3154
27940 3154
27950 3154
27960 3154
27970 3154
27980 3155
27990 3156
28000 3158
28010 3160
28020 3160
28030 3160
28040 3161
28050 3161
28060 3161
28070 3162
28080 3162
28090 3162
28100 3162
28110 3162
28120 3162
28130 3162
28140 3162
28150 3163
28160 3163
28170 3163
28180 3163
28190 3163
28200 3164
28210 3164
28220 3165
28230 3165
28240 3166
28250 3166
28260 3166
28270 3167
28280 3167
28290 3167
28300 3167
28310 3167
28320 3167
28330 3167
28340 3168
28350 3169
28360 3169
28370 3170
28380 3170
28390 3170
28400 3170
28410 3170
28420 3171
28430 3172
28440 3172
28450 3172
28460 3172
28470 3172
28480 3172
28490 3172
28500 3173
28510 3173
28520 3173
28530 3173
28540 3173
28550 3173
28560 3173
28570 3173
28580 3174
28590 3174
28600 3175
28610 3175
28620 3175
28630 3175
28640 3176
28650 3176
28660 3176
28670 3176
28680 3176
28690 3177
28700 3177
28710 3177
28720 3177
28730 3177
28740 3177
28750 3177
28760 3177
28770 3177
28780 3177
28790 3177
28800 3177
28810 3177
28820 3177
28830 3177
28840 3177
28850 3177
28860 3177
28870 3177
28880 3178
28890 3180
28900 3181
28910 3181
28920 3182
28930 3182
28940 3185
28950 3185
28960 3185
28970 3186
28980 3187
28990 3188
29000 3188
29010 3188
29020 3189
29030 3189
29040 3190
29050 3190
29060 3190
29070 3190
29080 3190
29090 3191
29100 3191
29110 3192
29120 3192
29130 3192
29140 3192
29150 3192
29160 3193
29170 3193
29180 3193
29190 3193
29200 3193
29210 3193
29220 3193
29230 3193
29240 3193
29250 3193
29260 3194
29270 3194
29280 3195
29290 3196
29300 3196
29310 3196
29320 3196
29330 3199
29340 3199
29350 3200
29360 3201
29370 3201
29380 3201
29390 3201
29400 3201
29410 3201
29420 3201
29430 3201
29440 3201
29450 3201
29460 3201
29470 3201
29480 3201
29490 3201
29500 3202
29510 3203
29520 3203
29530 3203
29540 3203
29550 3204
29560 3205
29570 3205
29580 3205
29590 3208
29600 3210
29610 3211
29620 3211
29630 3211
29640 3212
29650 3212
29660 3212
29670 3212
29680 3213
29690 3214
29700 3215
29710 3215
29720 3217
29730 3218
29740 3219
29750 3220
29760 3222
29770 3222
29780 3222
29790 3223
29800 3223
29810 3224
29820 3224
29830 3224
29840 3225
29850 3226
29860 3226
29870 3226
29880 3226
29890 3227
29900 3227
29910 3228
29920 3228
29930 3230
29940 3230
29950 3231
29960 3231
29970 3231
29980 3232
29990 3233
30000 3235
30010 3235
30020 3235
30030 3235
30040 3236
30050 3237
30060 3238
30070 3239
30080 3240
30090 3240
30100 3240
30110 3240
30120 3240
30130 3243
30140 3243
30150 3243
30160 3243
30170 3243
30180 3243
30190 3243
30200 3243
30210 3244
30220 3244
30230 3244
30240 3244
30250 3245
30260 3246
30270 3246
30280 3246
30290 3246
30300 3247
30310 3247
30320 3247
30330 3248
30340 3249
30350 3249
30360 3250
30370 3251
30380 3252
30390 3252
30400 3252
30410 3252
30420 3252
30430 3252
30440 3252
30450 3252
30460 3254
30470 3254
30480 3254
30490 3254
30500 3255
30510 3256
30520 3256
30530 3258
30540 3258
30550 3258
30560 3258
30570 3260
30580 3260
30590 3261
30600 3263
30610 3263
30620 3264
30630 3264
30640 3265
30650 3266
30660 3268
30670 3268
30680 3269
30690 3269
30700 3269
30710 3271
30720 3272
30730 3272
30740 3272
30750 3272
30760 3272
30770 3273
30780 3273
30790 3274
30800 3276
30810 3276
30820 3276
30830 3276
30840 3278
30850 3279
30860 3282
30870 3282
30880 3282
30890 3282
30900 3283
30910 3283
30920 3283
30930 3283
30940 3284
30950 3284
30960 3284
30970 3284
30980 3285
30990 3287
31000 3287
31010 3287
31020 3287
31030 3287
31040 3288
31050 3288
31060 3288
31070 3288
31080 3290
31090 3292
31100 3292
31110 3292
31120 3294
31130 3295
31140 3296
31150 3296
31160 3299
31170 3299
31180 3300
31190 3300
31200 3300
31210 3301
31220 3301
31230 3301
31240 3302
31250 3302
31260 3302
31270 3302
31280 3302
31290 3302
31300 3302
31310 3302
31320 3302
31330 3303
31340 3303
31350 3303
31360 3303
31370 3303
31380 3303
31390 3303
31400 3303
31410 3304
31420 3304
31430 3304
31440 3304
31450 3304
31460 3304
31470 3304
31480 3306
31490 3306
31500 3306
31510 3306
31520 3306
31530 3306
31540 3306
31550 3307
31560 3308
31570 3309
31580 3309
31590 3309
31600 3309
31610 3309
31620 3309
31630 3309
31640 3310
31650 3310
31660 3310
31670 3312
31680 3312
31690 3313
31700 3313
31710 3313
31720 3313
31730 3315
31740 3315
31750 3316
31760 3317
31770 3317
31780 3318
31790 3319
31800 3319
31810 3319
31820 3320
31830 3320
31840 3320
31850 3320
31860 3320
31870 3322
31880 3322
31890 3322
31900 3322
31910 3323
31920 3325
31930 3325
31940 3328
31950 3328
31960 3328
31970 3328
31980 3328
31990 3328
32000 3328
32010 3328
32020 3328
32030 3329
32040 3329
32050 3329
32060 3329
32070 3329
32080 3329
32090 3329
32100 3329
32110 3330
32120 3330
32130 3332
32140 3332
32150 3332
32160 3333
32170 3333
32180 3333
32190 3334
32200 3334
32210 3334
32220 3334
32230 3334
32240 3334
32250 3335
32260 3335
32270 3336
32280 3339
32290 3339
32300 3340
32310 3340
32320 3340
32330 3341
32340 3342
32350 3342
32360 3343
32370 3344
32380 3344
32390 3344
32400 3344
32410 3345
32420 3346
32430 3346
32440 3346
32450 3346
32460 3346
32470 3347
32480 3348
32490 3348
32500 3348
32510 3348
32520 3348
32530 3349
32540 3350
32550 3351
32560 3351
32570 3352
32580 3352
32590 3352
32600 3353
32610 3353
32620 3353
32630 3353
32640 3353
32650 3355
32660 3355
32670 3356
32680 3357
32690 3357
32700 3357
32710 3358
32720 3360
32730 3360
32740 3360
32750 3360
32760 3361
32770 3361
32780 3362
32790 3362
32800 3363
32810 3363
32820 3364
32830 3365
32840 3366
32850 3366
32860 3366
32870 3366
32880 3366
32890 3366
32900 3366
32910 3366
32920 3366
32930 3366
32940 3366
32950 3366
32960 3366
32970 3366
32980 3366
32990 3366
33000 3367
33010 3367
33020 3367
33030 3367
33040 3367
33050 3368
33060 3368
33070 3368
33080 3368
33090 3368
33100 3369
33110 3369
33120 3369
33130 3369
33140 3369
33150 3369
33160 3369
33170 3369
33180 3369
33190 3370
33200 3370
33210 3370
33220 3370
33230 3370
33240 3371
33250 3371
33260 3371
33270 3371
33280 3372
33290 3372
33300 3372
33310 3372
33320 3372
33330 3372
33340 3372
33350 3374
33360 3374
33370 3374
33380 3375
33390 3375
33400 3375
33410 3375
33420 3375
33430 3375
33440 3376
33450 3376
33460 3376
33470 3376
33480 3377
33490 3377
33500 3379
33510 3379
33520 3379
33530 3380
33540 3380
33550 3380
33560 3380
33570 3380
33580 3381
33590 3381
33600 3381
33610 3381
33620 3382
33630 3383
33640 3383
33650 3383
33660 3384
33670 3386
33680 3388
33690 3388
33700 3389
33710 3390
33720 3390
33730 3391
33740 3391
33750 3391
33760 3391
33770 3392
33780 3393
33790 3393
33800 3393
33810 3393
33820 3393
33830 3393
33840 3393
33850 3393
33860 3393
33870 3393
33880 3395
33890 3395
33900 3395
33910 3395
33920 3395
33930 3395
33940 3396
33950 3397
33960 3398
33970 3398
33980 3398
33990 3400
34000 3401
34010 3402
34020 3402
34030 3403
34040 3404
34050 3404
34060 3404
34070 3404
34080 3405
34090 3405
34100 3405
34110 3405
34120 3405
34130 3406
34140 3408
34150 3409
34160 3409
34170 3409
34180 3409
34190 3409
34200 3409
34210 3409
34220 3410
34230 3411
34240 3411
34250 3411
34260 3411
34270 3411
34280 3413
34290 3414
34300 3414
34310 3416
34320 3416
34330 3416
34340 3416
34350 3416
34360 3417
34370 3419
34380 3423
34390 3425
34400 3427
34410 3428
34420 3428
34430 3429
34440 3429
34450 3429
34460 3429
34470 3429
34480 3429
34490 3429
34500 3429
34510 3429
34520 3430
34530 3430
34540 3430
34550 3430
34560 3431
34570 3432
34580 3434
34590 3435
34600 3436
34610 3436
34620 3436
34630 3437
34640 3437
34650 3437
34660 3438
34670 3438
34680 3438
34690 3439
34700 3439
34710 3439
34720 3440
34730 3440
34740 3440
34750 3440
34760 3440
34770 3440
34780 3440
34790 3441
34800 3441
34810 3441
34820 3441
34830 3441
34840 3442
34850 3442
34860 3442
34870 3442
34880 3442
34890 3442
34900 3442
34910 3442
34920 3442
34930 3442
34940 3442
34950 3442
34960 3442
34970 3444
34980 3444
34990 3444
35000 3444
35010 3444
35020 3444
35030 3444
35040 3444
35050 3445
35060 3446
35070 3447
35080 3447
35090 3447
35100 3447
35110 3447
35120 3447
35130 3447
35140 3447
35150 3448
35160 3448
35170 3448
35180 3448
35190 3448
35200 3448
35210 3448
35220 3448
35230 3448
35240 3449
35250 3449
35260 3449
35270 3450
35280 3450
35290 3450
35300 3450
35310 3450
35320 3450
35330 3450
35340 3450
35350 3450
35360 3450
35370 3450
35380 3450
35390 3450
35400 3450
35410 3451
35420 3451
35430 3451
35440 3451
35450 3451
35460 3451
35470 3451
35480 3451
35490 3451
35500 3452
35510 3452
35520 3452
35530 3452
35540 3452
35550 3452
35560 3452
35570 3454
35580 3454
35590 3455
35600 3456
35610 3456
35620 3457
35630 3458
35640 3459
35650 3459
35660 3459
35670 3459
35680 3459
35690 3459
35700 3459
35710 3460
35720 3461
35730 3462
35740 3462
35750 3463
35760 3463
35770 3463
35780 3463
35790 3464
35800 3464
35810 3464
35820 3464
35830 3464
35840 3465
35850 3465
35860 3466
35870 3466
35880 3466
35890 3466
35900 3466
35910 3466
35920 3466
35930 3466
35940 3466
35950 3466
35960 3466
35970 3466
35980 3468
35990 3469
36000 3471
36010 3471
36020 3471
36030 3471
36040 3472
36050 3472
36060 3474
36070 3475
36080 3475
36090 3475
36100 3475
36110 3475
36120 3475
36130 3476
36140 3476
36150 3477
36160 3477
36170 3478
36180 3479
36190 3479
36200 3479
36210 3479
36220 3480
36230 3480
36240 3480
36250 3480
36260 3481
36270 3481
36280 3482
36290 3482
36300 3483
36310 3484
36320 3485
36330 3485
36340 3485
36350 3485
36360 3486
36370 3486
36380 3486
36390 3488
36400 3488
36410 3488
36420 3489
36430 3489
36440 3490
36450 3490
36460 3490
36470 3490
36480 3490
36490 3490
36500 3490
36510 3490
36520 3490
36530 3490
36540 3490
36550 3490
36560 3490
36570 3490
36580 3490
36590 3490
36600 3492
36610 3492
36620 3492
36630 3493
36640 3493
36650 3493
36660 3493
36670 3494
36680 3494
36690 3494
36700 3495
36710 3495
36720 3498
36730 3498
36740 3498
36750 3502
36760 3502
36770 3502
36780 3502
36790 3503
36800 3503
36810 3503
36820 3503
36830 3503
36840 3504
36850 3504
36860 3504
36870 3504
36880 3504
36890 3504
36900 3504
36910 3504
36920 3504
36930 3504
36940 3504
36950 3504
36960 3504
36970 3504
36980 3505
36990 3505
37000 3506
37010 3506
37020 3506
37030 3506
37040 3506
37050 3506
37060 3506
37070 3507
37080 3508
37090 3508
37100 3509
37110 3510
37120 3510
37130 3510
37140 3510
37150 3511
37160 3511
37170 3512
37180 3512
37190 3513
37200 3513
37210 3513
37220 3513
37230 3513
37240 3513
37250 3513
37260 3513
37270 3513
37280 3513
37290 3513
37300 3513
37310 3513
37320 3513
37330 3513
37340 3513
37350 3513
37360 3513
37370 3513
37380 3513
37390 3513
37400 3513
37410 3513
37420 3513
37430 3513
37440 3513
37450 3513
37460 3514
37470 3514
37480 3515
37490 3515
37500 3515
37510 3515
37520 3515
37530 3515
37540 3515
37550 3516
37560 3516
37570 3516
37580 3516
37590 3517
37600 3517
37610 3517
37620 3517
37630 3517
37640 3518
37650 3518
37660 3518
37670 3518
37680 3519
37690 3519
37700 3519
37710 3519
37720 3522
37730 3524
37740 3526
37750 3528
37760 3531
37770 3533
37780 3533
37790 3534
37800 3534
37810 3534
37820 3534
37830 3534
37840 3534
37850 3534
37860 3535
37870 3535
37880 3535
37890 3535
37900 3535
37910 3535
37920 3535
37930 3535
37940 3535
37950 3535
37960 3535
37970 3535
37980 3535
37990 3535
38000 3535
38010 3535
38020 3535
38030 3535
38040 3536
38050 3536
38060 3536
38070 3536
38080 3536
38090 3537
38100 3537
38110 3537
38120 3538
38130 3538
38140 3538
38150 3538
38160 3538
38170 3538
38180 3538
38190 3539
38200 3539
38210 3539
38220 3539
38230 3539
38240 3539
38250 3540
38260 3540
38270 3540
38280 3540
38290 3540
38300 3540
38310 3541
38320 3541
38330 3541
38340 3541
38350 3542
38360 3542
38370 3542
38380 3542
38390 3542
38400 3542
38410 3543
38420 3544
38430 3545
38440 3545
38450 3545
38460 3545
38470 3545
38480 3545
38490 3545
38500 3545
38510 3546
38520 3548
38530 3548
38540 3549
38550 3549
38560 3550
38570 3550
38580 3551
38590 3552
38600 3552
38610 3553
38620 3554
38630 3557
38640 3557
38650 3559
38660 3560
38670 3560
38680 3560
38690 3560
38700 3561
38710 3562
38720 3562
38730 3562
38740 3562
38750 3563
38760 3563
38770 3563
38780 3564
38790 3566
38800 3566
38810 3566
38820 3566
38830 3566
38840 3566
38850 3566
38860 3566
38870 3567
38880 3567
38890 3567
38900 3569
38910 3569
38920 3570
38930 3571
38940 3571
38950 3571
38960 3571
38970 3571
38980 3573
38990 3574
39000 3575
39010 3576
39020 3576
39030 3577
39040 3577
39050 3577
39060 3577
39070 3577
39080 3577
39090 3577
39100 3577
39110 3577
39120 3577
39130 3577
39140 3577
39150 3577
39160 3577
39170 3577
39180 3577
39190 3577
39200 3577
39210 3577
39220 3579
39230 3579
39240 3579
39250 3579
39260 3579
39270 3580
39280 3580
39290 3580
39300 3580
39310 3580
39320 3580
39330 3581
39340 3581
39350 3581
39360 3581
39370 3581
39380 3581
39390 3581
39400 3581
39410 3581
39420 3581
39430 3582
39440 3582
39450 3582
39460 3582
39470 3582
39480 3582
39490 3582
39500 3582
39510 3582
39520 3582
39530 3583
39540 3583
39550 3585
39560 3585
39570 3585
39580 3585
39590 3585
39600 3585
39610 3586
39620 3588
39630 3589
39640 3592
39650 3593
39660 3595
39670 3596
39680 3597
39690 3598
39700 3599
39710 3600
39720 3602
39730 3602
39740 3602
39750 3602
39760 3603
39770 3603
39780 3604
39790 3605
39800 3605
39810 3606
39820 3606
39830 3606
39840 3606
39850 3606
39860 3609
39870 3609
39880 3610
39890 3611
39900 3615
39910 3615
39920 3615
39930 3615
39940 3615
39950 3615
39960 3616
39970 3616
39980 3618
39990 3619
40000 3619
40010 3619
40020 3619
40030 3619
40040 3620
40050 3620
40060 3620
40070 3620
40080 3620
40090 3620
40100 3620
40110 3620
40120 3620
40130 3622
40140 3622
40150 3622
40160 3622
40170 3622
40180 3622
40190 3622
40200 3622
40210 3622
40220 3622
40230 3622
40240 3622
40250 3622
40260 3622
40270 3622
40280 3622
40290 3622
40300 3622
40310 3622
40320 3622
40330 3622
40340 3622
40350 3623
40360 3623
40370 3623
40380 3624
40390 3625
40400 3625
40410 3625
40420 3625
40430 3625
40440 3625
40450 3625
40460 3626
40470 3626
40480 3626
40490 3626
40500 3626
40510 3626
40520 3626
40530 3626
40540 3626
40550 3627
40560 3627
40570 3627
40580 3627
40590 3629
40600 3629
40610 3629
40620 3630
40630 3630
40640 3630
40650 3631
40660 3631
40670 3631
40680 3631
40690 3631
40700 3631
40710 3631
40720 3631
40730 3631
40740 3633
40750 3633
40760 3633
40770 3633
40780 3633
40790 3635
40800 3635
40810 3635
40820 3637
40830 3637
40840 3637
40850 3638
40860 3638
40870 3638
40880 3638
40890 3638
40900 3638
40910 3638
40920 3640
40930 3640
40940 3641
40950 3642
40960 3643
40970 3644
40980 3644
40990 3646
41000 3646
41010 3647
41020 3649
41030 3652
41040 3653
41050 3656
41060 3656
41070 3656
41080 3656
41090 3656
41100 3656
41110 3656
41120 3656
41130 3656
41140 3656
41150 3657
41160 3657
41170 3658
41180 3658
41190 3658
41200 3658
41210 3658
41220 3658
41230 3658
41240 3660
41250 3660
41260 3661
41270 3661
41280 3661
41290 3661
41300 3662
41310 3662
41320 3662
41330 3662
41340 3662
41350 3662
41360 3662
41370 3662
41380 3662
41390 3662
41400 3662
41410 3662
41420 3663
41430 3663
41440 3664
41450 3664
41460 3664
41470 3664
41480 3664
41490 3664
41500 3664
41510 3664
41520 3664
41530 3665
41540 3666
41550 3666
41560 3666
41570 3666
41580 3667
41590 3668
41600 3668
41610 3668
41620 3668
41630 3668
41640 3668
41650 3669
41660 3669
41670 3671
41680 3672
41690 3672
41700 3672
41710 3672
41720 3673
41730 3673
41740 3673
41750 3674
41760 3674
41770 3675
41780 3675
41790 3675
41800 3676
41810 3676
41820 3677
41830 3677
41840 3677
41850 3677
41860 3677
41870 3677
41880 3678
41890 3679
41900 3679
41910 3679
41920 3680
41930 3682
41940 3682
41950 3683
41960 3683
41970 3683
41980 3683
41990 3684
42000 3684
42010 3685
42020 3685
42030 3685
42040 3685
42050 3685
42060 3685
42070 3686
42080 3690
42090 3690
42100 3690
42110 3691
42120 3691
42130 3692
42140 3692
42150 3692
42160 3692
42170 3692
42180 3693
42190 3693
42200 3693
42210 3693
42220 3693
42230 3695
42240 3695
42250 3696
42260 3696
42270 3696
42280 3697
42290 3697
42300 3698
42310 3698
42320 3698
42330 3698
42340 3698
42350 3698
42360 3698
42370 3698
42380 3698
42390 3698
42400 3698
42410 3698
42420 3698
42430 3698
42440 3698
42450 3698
42460 3698
42470 3698
42480 3698
42490 3698
42500 3699
42510 3700
42520 3700
42530 3700
42540 3700
42550 3700
42560 3700
42570 3700
42580 3700
42590 3700
42600 3700
42610 3701
42620 3701
42630 3701
42640 3701
42650 3701
42660 3701
42670 3701
42680 3701
42690 3701
42700 3701
42710 3702
42720 3703
42730 3703
42740 3704
42750 3704
42760 3708
42770 3708
42780 3710
42790 3711
42800 3713
42810 3713
42820 3713
42830 3714
42840 3715
42850 3717
42860 3722
42870 3723
42880 3725
42890 3727
42900 3727
42910 3730
42920 3731
42930 3732
42940 3732
42950 3733
42960 3733
42970 3733
42980 3733
42990 3733
43000 3733
43010 3733
43020 3733
43030 3733
43040 3733
43050 3734
43060 3735
43070 3735
43080 3735
43090 3736
43100 3736
43110 3738
43120 3738
43130 3740
43140 3740
43150 3740
43160 3740
43170 3740
43180 3740
43190 3740
43200 3741
43210 3742
43220 3742
43230 3742
43240 3742
43250 3742
43260 3742
43270 3744
43280 3744
43290 3744
43300 3744
43310 3744
43320 3744
43330 3744
43340 3744
43350 3744
43360 3744
43370 3744
43380 3744
43390 3745
43400 3747
43410 3750
43420 3750
43430 3750
43440 3750
43450 3750
43460 3750
43470 3750
43480 3751
43490 3751
43500 3751
43510 3751
43520 3751
43530 3751
43540 3751
43550 3751
43560 3751
43570 3751
43580 3752
43590 3752
43600 3752
43610 3753
43620 3753
43630 3753
43640 3753
43650 3753
43660 3753
43670 3753
43680 3753
43690 3754
43700 3755
43710 3755
43720 3756
43730 3756
43740 3756
43750 3756
43760 3757
43770 3757
43780 3758
43790 3758
43800 3758
43810 3759
43820 3759
43830 3759
43840 3759
43850 3760
43860 3761
43870 3761
43880 3761
43890 3762
43900 3762
43910 3762
43920 3762
43930 3762
43940 3762
43950 3762
43960 3764
43970 3767
43980 3767
43990 3767
44000 3767
44010 3767
44020 3769
44030 3771
44040 3771
44050 3772
44060 3772
44070 3772
44080 3773
44090 3773
44100 3775
44110 3776
44120 3776
44130 3778
44140 3778
44150 3779
44160 3779
44170 3779
44180 3780
44190 3780
44200 3780
44210 3780
44220 3780
44230 3780
44240 3780
44250 3781
44260 3781
44270 3781
44280 3781
44290 3781
44300 3781
44310 3781
44320 3781
44330 3781
44340 3782
44350 3782
44360 3782
44370 3782
44380 3782
44390 3783
44400 3784
44410 3785
44420 3785
44430 3785
44440 3785
44450 3786
44460 3787
44470 3787
44480 3787
44490 3787
44500 3787
44510 3787
44520 3787
44530 3787
44540 3788
44550 3788
44560 3788
44570 3788
44580 3788
44590 3788
44600 3788
44610 3788
44620 3788
44630 3790
44640 3790
44650 3790
44660 3792
44670 3792
44680 3792
44690 3792
44700 3792
44710 3792
44720 3792
44730 3792
44740 3792
44750 3795
44760 3796
44770 3797
44780 3797
44790 3797
44800 3798
44810 3798
44820 3798
44830 3799
44840 3799
44850 3799
44860 3799
44870 3799
44880 3799
44890 3800
44900 3800
44910 3803
44920 3803
44930 3803
44940 3803
44950 3803
44960 3803
44970 3804
44980 3804
44990 3804
45000 3805
45010 3805
45020 3805
45030 3805
45040 3805
45050 3805
45060 3806
45070 3806
45080 3806
45090 3806
45100 3806
45110 3809
45120 3809
45130 3809
45140 3809
45150 3809
45160 3809
45170 3809
45180 3809
45190 3811
45200 3812
45210 3814
45220 3814
45230 3814
45240 3815
45250 3815
45260 3815
45270 3816
45280 3818
45290 3818
45300 3820
45310 3820
45320 3822
45330 3824
45340 3824
45350 3826
45360 3826
45370 3826
45380 3827
45390 3827
45400 3827
45410 3828
45420 3829
45430 3829
45440 3829
45450 3829
45460 3829
45470 3831
45480 3833
45490 3833
45500 3833
45510 3833
45520 3833
45530 3833
45540 3833
45550 3833
45560 3833
45570 3833
45580 3833
45590 3833
45600 3834
45610 3834
45620 3835
45630 3835
45640 3835
45650 3836
45660 3836
45670 3836
45680 3836
45690 3838
45700 3839
45710 3840
45720 3840
45730 3841
45740 3841
45750 3841
45760 3841
45770 3841
45780 3841
45790 3841
45800 3841
45810 3841
45820 3841
45830 3841
45840 3842
45850 3842
45860 3843
45870 3843
45880 3843
45890 3844
45900 3845
45910 3845
45920 3846
45930 3847
45940 3847
45950 3847
45960 3847
45970 3847
45980 3847
45990 3848
46000 3848
46010 3848
46020 3849
46030 3850
46040 3852
46050 3852
46060 3853
46070 3854
46080 3854
46090 3855
46100 3855
46110 3855
46120 3855
46130 3855
46140 3855
46150 3855
46160 3855
46170 3855
46180 3855
46190 3856
46200 3856
46210 3856
46220 3856
46230 3857
46240 3858
46250 3858
46260 3859
46270 3859
46280 3859
46290 3859
46300 3859
46310 3860
46320 3860
46330 3861
46340 3861
46350 3863
46360 3863
46370 3863
46380 3864
46390 3865
46400 3865
46410 3865
46420 3865
46430 3865
46440 3865
46450 3865
46460 3866
46470 3867
46480 3867
46490 3867
46500 3867
46510 3867
46520 3867
46530 3867
46540 3867
46550 3869
46560 3869
46570 3870
46580 3870
46590 3871
46600 3871
46610 3871
46620 3871
46630 3871
46640 3871
46650 3871
46660 3871
46670 3871
46680 3873
46690 3873
46700 3874
46710 3874
46720 3874
46730 3874
46740 3875
46750 3875
46760 3876
46770 3876
46780 3877
46790 3877
46800 3878
46810 3878
46820 3878
46830 3879
46840 3879
46850 3880
46860 3881
46870 3881
46880 3881
46890 3881
46900 3881
46910 3881
46920 3881
46930 3881
46940 3881
46950 3882
46960 3882
46970 3882
46980 3882
46990 3882
47000 3882
47010 3883
47020 3883
47030 3884
47040 3884
47050 3884
47060 3884
47070 3884
47080 3884
47090 3884
47100 3884
47110 3884
47120 3884
47130 3885
47140 3886
47150 3887
47160 3888
47170 3888
47180 3888
47190 3888
47200 3888
47210 3889
47220 3889
47230 3890
47240 3892
47250 3893
47260 3894
47270 3894
47280 3894
47290 3894
47300 3894
47310 3895
47320 3897
47330 3897
47340 3897
47350 3897
47360 3898
47370 3898
47380 3899
47390 3899
47400 3900
47410 3900
47420 3900
47430 3902
47440 3902
47450 3902
47460 3903
47470 3903
47480 3904
47490 3904
47500 3904
47510 3904
47520 3904
47530 3904
47540 3905
47550 3905
47560 3906
47570 3906
47580 3906
47590 3907
47600 3907
47610 3907
47620 3907
47630 3907
47640 3907
47650 3907
47660 3907
47670 3907
47680 3907
47690 3907
47700 3907
47710 3909
47720 3910
47730 3910
47740 3910
47750 3911
47760 3911
47770 3912
47780 3912
47790 3913
47800 3913
47810 3913
47820 3913
47830 3913
47840 3913
47850 3913
47860 3913
47870 3913
47880 3914
47890 3914
47900 3916
47910 3918
47920 3919
47930 3920
47940 3921
47950 3921
47960 3921
47970 3921
47980 3922
47990 3922
48000 3922
48010 3922
48020 3922
48030 3922
48040 3922
48050 3922
48060 3922
48070 3924
48080 3924
48090 3924
48100 3924
48110 3925
48120 3926
48130 3926
48140 3926
48150 3926
48160 3926
48170 3927
48180 3927
48190 3927
48200 3927
48210 3927
48220 3928
48230 3929
48240 3929
48250 3929
48260 3929
48270 3929
48280 3929
48290 3930
48300 3930
48310 3933
48320 3935
48330 3935
48340 3935
48350 3935
48360 3935
48370 3935
48380 3936
48390 3937
48400 3938
48410 3939
48420 3942
48430 3942
48440 3943
48450 3943
48460 3945
48470 3947
48480 3948
48490 3949
48500 3950
48510 3951
48520 3951
48530 3953
48540 3953
48550 3953
48560 3955
48570 3955
48580 3956
48590 3956
48600 3956
48610 3956
48620 3956
48630 3956
48640 3957
48650 3957
48660 3957
48670 3958
48680 3958
48690 3958
48700 3958
48710 3959
48720 3959
48730 3959
48740 3959
48750 3959
48760 3959
48770 3959
48780 3959
48790 3959
48800 3960
48810 3960
48820 3960
48830 3960
48840 3960
48850 3960
48860 3960
48870 3960
48880 3960
48890 3960
48900 3962
48910 3962
48920 3962
48930 3962
48940 3962
48950 3962
48960 3962
48970 3962
48980 3962
48990 3962
49000 3962
49010 3962
49020 3962
49030 3962
49040 3962
49050 3962
49060 3963
49070 3963
49080 3963
49090 3963
49100 3963
49110 3963
49120 3963
49130 3964
49140 3964
49150 3964
49160 3964
49170 3964
49180 3965
49190 3966
49200 3966
49210 3966
49220 3967
49230 3967
49240 3968
49250 3968
49260 3968
49270 3968
49280 3968
49290 3970
49300 3970
49310 3970
49320 3970
49330 3970
49340 3971
49350 3972
49360 3972
49370 3972
49380 3972
49390 3972
49400 3972
49410 3974
49420 3974
49430 3974
49440 3974
49450 3974
49460 3974
49470 3975
49480 3975
49490 3976
49500 3977
49510 3978
49520 3978
49530 3978
49540 3978
49550 3979
49560 3979
49570 3980
49580 3980
49590 3981
49600 3981
49610 3981
49620 3981
49630 3982
49640 3982
49650 3982
49660 3982
49670 3982
49680 3982
49690 3982
49700 3982
49710 3982
49720 3985
49730 3986
49740 3987
49750 3988
49760 3988
49770 3991
49780 3992
49790 3992
49800 3994
49810 3995
49820 3995
49830 3995
49840 3995
49850 3995
49860 3995
49870 3995
49880 3995
49890 3996
49900 3996
49910 3996
49920 3996
49930 3996
49940 3996
49950 3997
49960 3997
49970 3998
49980 3999
49990 3999
50000 4000
50010 4000
50020 4000
50030 4000
50040 4001
50050 4001
50060 4001
50070 4001
50080 4001
50090 4001
50100 4001
50110 4001
50120 4001
50130 4001
50140 4001
50150 4001
50160 4001
50170 4001
50180 4001
50190 4002
50200 4003
50210 4004
50220 4004
50230 4006
50240 4006
50250 4006
50260 4006
50270 4006
50280 4006
50290 4006
50300 4006
50310 4006
50320 4006
50330 4007
50340 4007
50350 4007
50360 4007
50370 4007
50380 4007
50390 4008
50400 4008
50410 4008
50420 4008
50430 4008
50440 4008
50450 4008
50460 4009
50470 4012
50480 4012
50490 4012
50500 4012
50510 4014
50520 4014
50530 4014
50540 4014
50550 4014
50560 4014
50570 4014
50580 4014
50590 4015
50600 4016
50610 4016
50620 4016
50630 4016
50640 4017
50650 4017
50660 4017
50670 4017
50680 4017
50690 4018
50700 4018
50710 4019
50720 4019
50730 4019
50740 4019
50750 4019
50760 4019
50770 4019
50780 4019
50790 4019
50800 4019
50810 4019
50820 4020
50830 4021
50840 4021
50850 4021
50860 4021
50870 4021
50880 4021
50890 4021
50900 4021
50910 4021
50920 4021
50930 4021
50940 4021
50950 4021
50960 4021
50970 4021
50980 4021
50990 4021
51000 4022
51010 4022
51020 4022
51030 4022
51040 4022
51050 4022
51060 4022
51070 4022
51080 4022
51090 4022
51100 4022
51110 4022
51120 4022
51130 4022
51140 4022
51150 4023
51160 4025
51170 4026
51180 4029
51190 4030
51200 4031
51210 4031
51220 4031
51230 4031
51240 4031
51250 4031
51260 4031
51270 4031
51280 4031
51290 4032
51300 4032
51310 4032
51320 4032
51330 4033
51340 4034
51350 4034
51360 4034
51370 4036
51380 4037
51390 4038
51400 4038
51410 4038
51420 4039
51430 4039
51440 4039
51450 4039
51460 4039
51470 4040
51480 4040
51490 4040
51500 4043
51510 4043
51520 4045
51530 4045
51540 4045
51550 4045
51560 4045
51570 4045
51580 4046
51590 4048
51600 4049
51610 4049
51620 4049
51630 4049
51640 4049
51650 4049
51660 4049
51670 4049
51680 4049
51690 4049
51700 4050
51710 4050
51720 4051
51730 4051
51740 4051
51750 4051
51760 4051
51770 4053
51780 4053
51790 4053
51800 4053
51810 4054
51820 4055
51830 4056
51840 4056
51850 4056
51860 4056
51870 4056
51880 4056
51890 4056
51900 4058
51910 4058
51920 4058
51930 4058
51940 4058
51950 4058
51960 4058
51970 4058
51980 4058
51990 4060
52000 4061
52010 4062
52020 4062
52030 4062
52040 4062
52050 4062
52060 4062
52070 4063
52080 4063
52090 4063
52100 4063
52110 4063
52120 4063
52130 4064
52140 4064
52150 4064
52160 4065
52170 4067
52180 4067
52190 4067
52200 4067
52210 4068
52220 4068
52230 4068
52240 4069
52250 4069
52260 4069
52270 4069
52280 4069
52290 4069
52300 4070
52310 4071
52320 4073
52330 4073
52340 4073
52350 4074
52360 4075
52370 4076
52380 4076
52390 4076
52400 4076
52410 4076
52420 4076
52430 4077
52440 4077
52450 4077
52460 4077
52470 4077
52480 4077
52490 4077
52500 4077
52510 4077
52520 4078
52530 4079
52540 4079
52550 4079
52560 4079
52570 4079
52580 4079
52590 4080
52600 4080
52610 4080
52620 4080
52630 4080
52640 4080
52650 4080
52660 4080
52670 4080
52680 4080
52690 4080
52700 4080
52710 4080
52720 4080
52730 4080
52740 4080
52750 4080
52760 4080
52770 4080
52780 4080
52790 4080
52800 4080
52810 4080
52820 4080
52830 4080
52840 4080
52850 4080
52860 4080
52870 4080
52880 4080
52890 4080
52900 4080
52910 4080
52920 4080
52930 4081
52940 4081
52950 4081
52960 4081
52970 4081
52980 4081
52990 4081
53000 4081
53010 4081
53020 4082
53030 4082
53040 4082
53050 4082
53060 4082
53070 4082
53080 4082
53090 4082
53100 4082
53110 4082
53120 4082
53130 4083
53140 4083
53150 4083
53160 4083
53170 4084
53180 4086
53190 4086
53200 4087
53210 4088
53220 4089
53230 4089
53240 4090
53250 4090
53260 4090
53270 4092
53280 4093
53290 4094
53300 4094
53310 4094
53320 4094
53330 4094
53340 4094
53350 4094
53360 4094
53370 4094
53380 4094
53390 4094
53400 4094
53410 4094
53420 4094
53430 4094
53440 4094
53450 4094
53460 4095
53470 4096
53480 4096
53490 4096
53500 4096
53510 4096
53520 4096
53530 4096
53540 4096
53550 4097
53560 4097
53570 4097
53580 4097
53590 4097
53600 4098
53610 4098
53620 4098
53630 4098
53640 4098
53650 4098
53660 4099
53670 4099
53680 4100
53690 4100
53700 4100
53710 4101
53720 4101
53730 4101
53740 4101
53750 4101
53760 4101
53770 4101
53780 4103
53790 4104
53800 4104
53810 4104
53820 4104
53830 4105
53840 4105
53850 4105
53860 4105
53870 4106
53880 4106
53890 4107
53900 4107
53910 4107
53920 4107
53930 4107
53940 4107
53950 4107
53960 4107
53970 4108
53980 4108
53990 4108
54000 4108
54010 4110
54020 4111
54030 4111
54040 4113
54050 4113
54060 4113
54070 4113
54080 4113
54090 4113
54100 4113
54110 4113
54120 4113
54130 4114
54140 4115
54150 4115
54160 4115
54170 4115
54180 4116
54190 4116
54200 4116
54210 4116
54220 4117
54230 4117
54240 4119
54250 4119
54260 4119
54270 4119
54280 4120
54290 4120
54300 4120
54310 4121
54320 4121
54330 4121
54340 4121
54350 4121
54360 4121
54370 4123
54380 4123
54390 4123
54400 4123
54410 4123
54420 4123
54430 4124
54440 4124
54450 4125
54460 4126
54470 4127
54480 4127
54490 4127
54500 4128
54510 4128
54520 4129
54530 4129
54540 4129
54550 4129
54560 4129
54570 4129
54580 4131
54590 4131
54600 4131
54610 4132
54620 4132
54630 4132
54640 4132
54650 4132
54660 4132
54670 4132
54680 4133
54690 4133
54700 4133
54710 4133
54720 4134
54730 4134
54740 4134
54750 4135
54760 4135
54770 4135
54780 4135
54790 4136
54800 4136
54810 4137
54820 4138
54830 4139
54840 4141
54850 4142
54860 4142
54870 4142
54880 4142
54890 4142
54900 4143
54910 4143
54920 4144
54930 4144
54940 4144
54950 4145
54960 4145
54970 4145
54980 4146
54990 4148
55000 4150
55010 4151
55020 4152
55030 4152
55040 4152
55050 4152
55060 4152
55070 4152
55080 4152
55090 4152
55100 4153
55110 4154
55120 4155
55130 4155
55140 4155
55150 4156
55160 4158
55170 4158
55180 4158
55190 4158
55200 4158
55210 4158
55220 4158
55230 4158
55240 4158
55250 4159
55260 4160
55270 4160
55280 4160
55290 4160
55300 4160
55310 4161
55320 4162
55330 4162
55340 4163
55350 4163
55360 4163
55370 4164
55380 4164
55390 4164
55400 4164
55410 4165
55420 4165
55430 4166
55440 4166
55450 4166
55460 4166
55470 4166
55480 4168
55490 4168
55500 4169
55510 4169
55520 4169
55530 4169
55540 4170
55550 4172
55560 4172
55570 4173
55580 4173
55590 4173
55600 4174
55610 4175
55620 4175
55630 4175
55640 4176
55650 4176
55660 4176
55670 4176
55680 4178
55690 4178
55700 4178
55710 4178
55720 4178
55730 4178
55740 4178
55750 4179
55760 4179
55770 4179
55780 4180
55790 4180
55800 4180
55810 4180
55820 4180
55830 4180
55840 4180
55850 4180
55860 4180
55870 4180
55880 4180
55890 4181
55900 4183
55910 4183
55920 4183
55930 4183
55940 4183
55950 4183
55960 4183
55970 4183
55980 4183
55990 4184
56000 4185
56010 4185
56020 4185
56030 4187
56040 4187
56050 4188
56060 4188
56070 4189
56080 4189
56090 4189
56100 4189
56110 4189
56120 4189
56130 4189
56140 4191
56150 4191
56160 4191
56170 4191
56180 4191
56190 4191
56200 4192
56210 4194
56220 4194
56230 4194
56240 4195
56250 4195
56260 4195
56270 4195
56280 4196
56290 4198
56300 4198
56310 4199
56320 4200
56330 4200
56340 4200
56350 4200
56360 4200
56370 4200
56380 4201
56390 4201
56400 4201
56410 4201
56420 4201
56430 4201
56440 4201
56450 4201
56460 4201
56470 4201
56480 4201
56490 4201
56500 4201
56510 4201
56520 4201
56530 4201
56540 4201
56550 4201
56560 4201
56570 4201
56580 4203
56590 4203
56600 4203
56610 4205
56620 4205
56630 4205
56640 4205
56650 4206
56660 4206
56670 4208
56680 4208
56690 4208
56700 4208
56710 4209
56720 4209
56730 4210
56740 4210
56750 4210
56760 4211
56770 4211
56780 4211
56790 4212
56800 4212
56810 4212
56820 4212
56830 4212
56840 4213
56850 4213
56860 4213
56870 4213
56880 4213
56890 4213
56900 4213
56910 4213
56920 4214
56930 4214
56940 4214
56950 4214
56960 4214
56970 4214
56980 4214
56990 4214
57000 4215
57010 4215
57020 4215
57030 4215
57040 4215
57050 4215
57060 4215
57070 4215
57080 4215
57090 4216
57100 4216
57110 4216
57120 4216
57130 4216
57140 4216
57150 4216
57160 4216
57170 4216
57180 4217
57190 4217
57200 4217
57210 4217
57220 4217
57230 4217
57240 4217
57250 4217
57260 4217
57270 4217
57280 4218
57290 4219
57300 4220
57310 4220
57320 4222
57330 4222
57340 4222
57350 4222
57360 4222
57370 4222
57380 4223
57390 4223
57400 4223
57410 4223
57420 4224
57430 4224
57440 4224
57450 4225
57460 4226
57470 4226
57480 4226
57490 4227
57500 4227
57510 4227
57520 4227
57530 4227
57540 4227
57550 4227
57560 4227
57570 4227
57580 4227
57590 4227
57600 4227
57610 4227
57620 4228
57630 4228
57640 4228
57650 4228
57660 4228
57670 4228
57680 4228
57690 4228
57700 4228
57710 4228
57720 4229
57730 4229
57740 4230
57750 4230
57760 4231
57770 4231
57780 4231
57790 4231
57800 4231
57810 4231
57820 4231
57830 4231
57840 4231
57850 4231
57860 4231
57870 4231
57880 4231
57890 4231
57900 4231
57910 4231
57920 4231
57930 4231
57940 4231
57950 4231
57960 4231
57970 4231
57980 4232
57990 4232
58000 4232
58010 4232
58020 4232
58030 4232
58040 4232
58050 4232
58060 4232
58070 4232
58080 4232
58090 4232
58100 4232
58110 4232
58120 4232
58130 4232
58140 4232
58150 4233
58160 4233
58170 4234
58180 4234
58190 4234
58200 4234
58210 4235
58220 4236
58230 4237
58240 4237
58250 4237
58260 4239
58270 4240
58280 4240
58290 4240
58300 4240
58310 4240
58320 4240
58330 4241
58340 4242
58350 4243
58360 4243
58370 4243
58380 4244
58390 4244
58400 4244
58410 4245
58420 4245
58430 4246
58440 4247
58450 4247
58460 4247
58470 4247
58480 4247
58490 4247
58500 4247
58510 4247
58520 4247
58530 4247
58540 4248
58550 4248
58560 4248
58570 4248
58580 4248
58590 4248
58600 4248
58610 4248
58620 4248
58630 4249
58640 4251
58650 4251
58660 4251
58670 4252
58680 4252
58690 4252
58700 4252
58710 4252
58720 4253
58730 4254
58740 4254
58750 4255
58760 4255
58770 4255
58780 4255
58790 4256
58800 4257
58810 4258
58820 4258
58830 4258
58840 4258
58850 4258
58860 4258
58870 4259
58880 4259
58890 4259
58900 4259
58910 4259
58920 4259
58930 4259
58940 4260
58950 4260
58960 4261
58970 4261
58980 4264
58990 4264
59000 4264
59010 4264
59020 4264
59030 4264
59040 4265
59050 4266
59060 4266
59070 4266
59080 4266
59090 4266
59100 4266
59110 4266
59120 4266
59130 4266
59140 4267
59150 4267
59160 4268
59170 4268
59180 4268
59190 4268
59200 4268
59210 4268
59220 4268
59230 4269
59240 4269
59250 4269
59260 4269
59270 4270
59280 4270
59290 4270
59300 4270
59310 4270
59320 4270
59330 4270
59340 4270
59350 4271
59360 4272
59370 4272
59380 4272
59390 4273
59400 4273
59410 4275
59420 4275
59430 4275
59440 4275
59450 4275
59460 4275
59470 4275
59480 4275
59490 4275
59500 4276
59510 4276
59520 4276
59530 4277
59540 4277
59550 4277
59560 4277
59570 4277
59580 4277
59590 4277
59600 4277
59610 4277
59620 4279
59630 4280
59640 4280
59650 4280
59660 4280
59670 4280
59680 4280
59690 4280
59700 4280
59710 4281
59720 4281
59730 4281
59740 4281
59750 4281
59760 4282
59770 4282
59780 4282
59790 4282
59800 4282
59810 4282
59820 4282
59830 4282
59840 4282
59850 4284
59860 4286
59870 4286
59880 4286
59890 4288
59900 4288
59910 4290
59920 4290
59930 4290
59940 4290
59950 4290
59960 4290
59970 4290
59980 4290
59990 4291
60000 4291
60010 4291
60020 4291
60030 4291
60040 4291
60050 4291
60060 4293
60070 4293
60080 4293
60090 4294
60100 4294
60110 4294
60120 4294
60130 4294
60140 4297
60150 4297
60160 4297
60170 4297
60180 4297
60190 4297
60200 4297
60210 4297
60220 4297
60230 4297
60240 4297
60250 4297
60260 4297
60270 4297
60280 4297
60290 4298
60300 4298
60310 4298
60320 4299
60330 4299
60340 4299
60350 4300
60360 4300
60370 4300
60380 4300
60390 4301
60400 4301
60410 4301
60420 4301
60430 4301
60440 4301
60450 4301
60460 4302
60470 4303
60480 4303
60490 4303
60500 4303
60510 4303
60520 4303
60530 4303
60540 4303
60550 4303
60560 4303
60570 4303
60580 4303
60590 4303
60600 4303
60610 4303
60620 4303
60630 4303
60640 4303
60650 4305
60660 4307
60670 4309
60680 4309
60690 4310
60700 4310
60710 4310
60720 4310
60730 4310
60740 4310
60750 4311
60760 4311
60770 4311
60780 4311
60790 4313
60800 4314
60810 4315
60820 4315
60830 4315
60840 4315
60850 4315
60860 4315
60870 4315
60880 4315
60890 4315
60900 4315
60910 4315
60920 4315
60930 4315
60940 4315
60950 4315
60960 4315
60970 4315
60980 4315
60990 4315
61000 4317
61010 4318
61020 4319
61030 4320
61040 4320
61050 4320
61060 4320
61070 4321
61080 4321
61090 4321
61100 4322
61110 4322
61120 4322
61130 4322
61140 4322
61150 4322
61160 4322
61170 4322
61180 4322
61190 4322
61200 4322
61210 4322
61220 4323
61230 4323
61240 4323
61250 4324
61260 4324
61270 4324
61280 4324
61290 4324
61300 4324
61310 4324
61320 4324
61330 4324
61340 4324
61350 4325
61360 4325
61370 4326
61380 4326
61390 4326
61400 4326
61410 4326
61420 4326
61430 4326
61440 4326
61450 4327
61460 4327
61470 4327
61480 4327
61490 4327
61500 4327
61510 4327
61520 4327
61530 4328
61540 4329
61550 4330
61560 4330
61570 4330
61580 4330
61590 4332
61600 4332
61610 4332
61620 4332
61630 4333
61640 4333
61650 4333
61660 4333
61670 4333
61680 4333
61690 4333
61700 4333
61710 4333
61720 4333
61730 4333
61740 4333
61750 4333
61760 4334
61770 4334
61780 4334
61790 4335
61800 4335
61810 4335
61820 4336
61830 4336
61840 4336
61850 4336
61860 4337
61870 4338
61880 4338
61890 4339
61900 4340
61910 4341
61920 4341
61930 4341
61940 4341
61950 4342
61960 4342
61970 4342
61980 4342
61990 4342
62000 4342
62010 4342
62020 4342
62030 4342
62040 4343
62050 4344
62060 4344
62070 4344
62080 4344
62090 4344
62100 4344
62110 4346
62120 4349
62130 4349
62140 4349
62150 4350
62160 4350
62170 4350
62180 4351
62190 4351
62200 4351
62210 4353
62220 4353
62230 4354
62240 4356
62250 4356
62260 4357
62270 4358
62280 4359
62290 4359
62300 4359
62310 4359
62320 4361
62330 4362
62340 4363
62350 4364
62360 4364
62370 4365
62380 4365
62390 4365
62400 4365
62410 4365
62420 4367
62430 4367
62440 4368
62450 4368
62460 4368
62470 4368
62480 4369
62490 4370
62500 4370
62510 4370
62520 4370
62530 4370
62540 4370
62550 4370
62560 4370
62570 4370
62580 4371
62590 4371
62600 4373
62610 4374
62620 4375
62630 4376
62640 4376
62650 4376
62660 4376
62670 4376
62680 4376
62690 4376
62700 4377
62710 4377
62720 4377
62730 4377
62740 4377
62750 4378
62760 4378
62770 4378
62780 4378
62790 4378
62800 4378
62810 4378
62820 4378
62830 4378
62840 4378
62850 4378
62860 4378
62870 4378
62880 4378
62890 4378
62900 4378
62910 4379
62920 4379
62930 4379
62940 4379
62950 4380
62960 4381
62970 4382
62980 4382
62990 4382
63000 4382
63010 4383
63020 4383
63030 4384
63040 4384
63050 4384
63060 4384
63070 4384
63080 4385
63090 4387
63100 4387
63110 4387
63120 4387
63130 4387
63140 4387
63150 4388
63160 4388
63170 4388
63180 4388
63190 4388
63200 4388
63210 4388
63220 4388
63230 4388
63240 4388
63250 4388
63260 4388
63270 4388
63280 4388
63290 4388
63300 4388
63310 4388
63320 4388
63330 4388
63340 4388
63350 4388
63360 4388
63370 4388
63380 4388
63390 4388
63400 4388
63410 4388
63420 4389
63430 4389
63440 4389
63450 4389
63460 4389
63470 4390
63480 4390
63490 4390
63500 4391
63510 4391
63520 4391
63530 4391
63540 4391
63550 4391
63560 4391
63570 4391
63580 4391
63590 4391
63600 4391
63610 4391
63620 4391
63630 4391
63640 4391
63650 4391
63660 4391
63670 4391
63680 4391
63690 4391
63700 4391
63710 4391
63720 4391
63730 4391
63740 4391
63750 4391
63760 4391
63770 4391
63780 4391
63790 4392
63800 4392
63810 4392
63820 4392
63830 4392
63840 4392
63850 4392
63860 4392
63870 4392
63880 4392
63890 4392
63900 4392
63910 4392
63920 4392
63930 4392
63940 4392
63950 4392
63960 4392
63970 4392
63980 4392
63990 4392
64000 4392
64010 4393
64020 4395
64030 4395
64040 4395
64050 4395
64060 4396
64070 4396
64080 4396
64090 4396
64100 4396
64110 4396
64120 4398
64130 4398
64140 4398
64150 4398
64160 4398
64170 4398
64180 4398
64190 4398
64200 4398
64210 4398
64220 4398
64230 4398
64240 4398
64250 4398
64260 4398
64270 4398
64280 4398
64290 4398
64300 4398
64310 4398
64320 4399
64330 4399
64340 4400
64350 4400
64360 4401
64370 4401
64380 4401
64390 4401
64400 4401
64410 4402
64420 4402
64430 4402
64440 4402
64450 4404
64460 4405
64470 4405
64480 4405
64490 4405
64500 4405
64510 4405
64520 4406
64530 4406
64540 4406
64550 4408
64560 4408
64570 4408
64580 4408
64590 4408
64600 4409
64610 4409
64620 4409
64630 4409
64640 4409
64650 4409
64660 4409
64670 4409
64680 4409
64690 4409
64700 4409
64710 4409
64720 4409
64730 4409
64740 4409
64750 4409
64760 4409
64770 4409
64780 4409
64790 4409
64800 4409
64810 4409
64820 4410
64830 4410
64840 4411
64850 4411
64860 4412
64870 4412
64880 4412
64890 4412
64900 4412
64910 4412
64920 4413
64930 4413
64940 4413
64950 4413
64960 4413
64970 4413
64980 4413
64990 4413
65000 4414
65010 4414
65020 4414
65030 4414
65040 4414
65050 4414
65060 4414
65070 4414
65080 4414
65090 4414
65100 4416
65110 4416
65120 4417
65130 4418
65140 4419
65150 4419
65160 4420
65170 4420
65180 4420
65190 4420
65200 4420
65210 4420
65220 4420
65230 4420
65240 4420
65250 4420
65260 4422
65270 4422
65280 4422
65290 4422
65300 4422
65310 4422
65320 4422
65330 4422
65340 4422
65350 4422
65360 4422
65370 4422
65380 4422
65390 4422
65400 4422
65410 4422
65420 4422
65430 4422
65440 4422
65450 4423
65460 4423
65470 4423
65480 4424
65490 4424
65500 4424
65510 4424
65520 4424
65530 4424
65540 4424
65550 4424
65560 4424
65570 4424
65580 4424
65590 4424
65600 4424
65610 4425
65620 4425
65630 4425
65640 4425
65650 4425
65660 4425
65670 4425
65680 4425
65690 4425
65700 4425
65710 4425
65720 4425
65730 4425
65740 4425
65750 4426
65760 4426
65770 4426
65780 4426
65790 4427
65800 4428
65810 4428
65820 4428
65830 4428
65840 4428
65850 4428
65860 4429
65870 4429
65880 4429
65890 4429
65900 4429
65910 4429
65920 4429
65930 4429
65940 4429
65950 4429
65960 4429
65970 4429
65980 4429
65990 4429
66000 4429
66010 4429
66020 4429
66030 4429
66040 4429
66050 4429
66060 4429
66070 4429
66080 4429
66090 4429
66100 4429
66110 4429
66120 4429
66130 4429
66140 4430
66150 4430
66160 4430
66170 4430
66180 4431
66190 4431
66200 4432
66210 4434
66220 4434
66230 4434
66240 4434
66250 4435
66260 4435
66270 4436
66280 4437
66290 4440
66300 4443
66310 4443
66320 4443
66330 4443
66340 4443
66350 4443
66360 4443
66370 4445
66380 4445
66390 4445
66400 4445
66410 4445
66420 4445
66430 4445
66440 4445
66450 4446
66460 4446
66470 4446
66480 4446
66490 4446
66500 4446
66510 4446
66520 4446
66530 4446
66540 4446
66550 4446
66560 4447
66570 4447
66580 4447
66590 4447
66600 4447
66610 4447
66620 4447
66630 4447
66640 4447
66650 4448
66660 4448
66670 4449
66680 4449
66690 4449
66700 4449
66710 4450
66720 4450
66730 4450
66740 4450
66750 4450
66760 4450
66770 4450
66780 4450
66790 4451
66800 4451
66810 4451
66820 4451
66830 4452
66840 4453
66850 4453
66860 4454
66870 4454
66880 4454
66890 4454
66900 4454
66910 4454
66920 4455
66930 4455
66940 4456
66950 4456
66960 4456
66970 4456
66980 4456
66990 4456
67000 4457
67010 4457
67020 4457
67030 4457
67040 4457
67050 4457
67060 4457
67070 4458
67080 4459
67090 4459
67100 4459
67110 4462
67120 4463
67130 4465
67140 4465
67150 4468
67160 4469
67170 4475
67180 4478
67190 4480
67200 4480
67210 4480
67220 4481
67230 4483
67240 4486
67250 4488
67260 4489
67270 4490
67280 4491
67290 4491
67300 4491
67310 4492
67320 4493
67330 4495
67340 4498
67350 4499
67360 4503
67370 4506
67380 4507
67390 4507
67400 4507
67410 4507
67420 4508
67430 4508
67440 4508
67450 4508
67460 4508
67470 4508
67480 4508
67490 4508
67500 4509
67510 4509
67520 4509
67530 4510
67540 4510
67550 4510
67560 4510
67570 4510
67580 4511
67590 4511
67600 4512
67610 4512
67620 4512
67630 4512
67640 4512
67650 4512
67660 4513
67670 4513
67680 4513
67690 4514
67700 4514
67710 4515
67720 4515
67730 4515
67740 4516
67750 4516
67760 4516
67770 4516
67780 4517
67790 4517
67800 4517
67810 4517
67820 4517
67830 4517
67840 4517
67850 4517
67860 4517
67870 4518
67880 4519
67890 4519
67900 4520
67910 4520
67920 4520
67930 4520
67940 4520
67950 4523
67960 4524
67970 4524
67980 4524
67990 4526
68000 4529
68010 4529
68020 4530
68030 4530
68040 4530
68050 4531
68060 4531
68070 4532
68080 4532
68090 4533
68100 4533
68110 4534
68120 4534
68130 4534
68140 4534
68150 4536
68160 4537
68170 4540
68180 4540
68190 4540
68200 4541
68210 4541
68220 4541
68230 4543
68240 4543
68250 4543
68260 4543
68270 4543
68280 4543
68290 4543
68300 4543
68310 4543
68320 4543
68330 4544
68340 4545
68350 4545
68360 4545
68370 4545
68380 4545
68390 4545
68400 4545
68410 4545
68420 4545
68430 4545
68440 4545
68450 4545
68460 4545
68470 4545
68480 4545
68490 4546
68500 4546
68510 4546
68520 4546
68530 4547
68540 4547
68550 4548
68560 4548
68570 4548
68580 4549
68590 4549
68600 4549
68610 4549
68620 4549
68630 4549
68640 4549
68650 4550
68660 4550
68670 4551
68680 4552
68690 4552
68700 4552
68710 4553
68720 4554
68730 4554
68740 4554
68750 4554
68760 4554
68770 4554
68780 4554
68790 4554
68800 4555
68810 4555
68820 4555
68830 4555
68840 4556
68850 4558
68860 4558
68870 4558
68880 4559
68890 4560
68900 4560
68910 4561
68920 4562
68930 4562
68940 4563
68950 4563
68960 4563
68970 4563
68980 4563
68990 4563
69000 4563
69010 4563
69020 4563
69030 4564
69040 4564
69050 4565
69060 4565
69070 4565
69080 4565
69090 4565
69100 4566
69110 4568
69120 4568
69130 4569
69140 4569
69150 4570
69160 4570
69170 4570
69180 4571
69190 4571
69200 4572
69210 4572
69220 4573
69230 4573
69240 4573
69250 4573
69260 4573
69270 4573
69280 4575
69290 4575
69300 4575
69310 4575
69320 4576
69330 4577
69340 4577
69350 4577
69360 4577
69370 4578
69380 4579
69390 4579
69400 4579
69410 4579
69420 4579
69430 4579
69440 4580
69450 4580
69460 4580
69470 4581
69480 4581
69490 4581
69500 4581
69510 4581
69520 4581
69530 4581
69540 4581
69550 4581
69560 4581
69570 4581
69580 4581
69590 4582
69600 4582
69610 4583
69620 4584
69630 4584
69640 4584
69650 4584
69660 4584
69670 4584
69680 4585
69690 4586
69700 4587
69710 4587
69720 4588
69730 4588
69740 4588
69750 4588
69760 4588
69770 4589
69780 4589
69790 4590
69800 4592
69810 4592
69820 4592
69830 4592
69840 4592
69850 4592
69860 4592
69870 4592
69880 4593
69890 4593
69900 4593
69910 4593
69920 4593
69930 4595
69940 4595
69950 4595
69960 4595
69970 4597
69980 4598
69990 4598
70000 4599
70010 4601
70020 4601
70030 4601
70040 4601
70050 4601
70060 4601
70070 4601
70080 4601
70090 4603
70100 4604
70110 4604
70120 4604
70130 4604
70140 4604
70150 4604
70160 4605
70170 4605
70180 4605
70190 4605
70200 4606
70210 4608
70220 4609
70230 4610
70240 4612
70250 4612
70260 4612
70270 4612
70280 4613
70290 4615
70300 4615
70310 4615
70320 4615
70330 4615
70340 4615
70350 4615
70360 4615
70370 4615
70380 4618
70390 4618
70400 4618
70410 4618
70420 4618
70430 4618
70440 4618
70450 4618
70460 4618
70470 4618
70480 4618
70490 4618
70500 4618
70510 4618
70520 4618
70530 4618
70540 4618
70550 4619
70560 4619
70570 4619
70580 4620
70590 4620
70600 4620
70610 4620
70620 4620
70630 4620
70640 4620
70650 4620
70660 4621
70670 4622
70680 4624
70690 4626
70700 4627
70710 4627
70720 4627
70730 4627
70740 4628
70750 4632
70760 4632
70770 4632
70780 4632
70790 4633
70800 4633
70810 4634
70820 4634
70830 4634
70840 4634
70850 4634
70860 4634
70870 4634
70880 4635
70890 4636
70900 4636
70910 4636
70920 4636
70930 4636
70940 4636
70950 4636
70960 4636
70970 4636
70980 4636
70990 4637
71000 4638
71010 4638
71020 4638
71030 4638
71040 4638
71050 4638
71060 4638
71070 4638
71080 4638
71090 4638
71100 4638
71110 4638
71120 4638
71130 4638
71140 4638
71150 4638
71160 4638
71170 4638
71180 4638
71190 4638
71200 4638
71210 4638
71220 4638
71230 4639
71240 4639
71250 4639
71260 4640
71270 4640
71280 4640
71290 4640
71300 4640
71310 4640
71320 4641
71330 4641
71340 4641
71350 4641
71360 4641
71370 4641
71380 4641
71390 4641
71400 4641
71410 4642
71420 4643
71430 4643
71440 4643
71450 4644
71460 4644
71470 4645
71480 4646
71490 4646
71500 4646
71510 4647
71520 4647
71530 4647
71540 4647
71550 4647
71560 4647
71570 4647
71580 4647
71590 4647
71600 4647
71610 4647
71620 4647
71630 4648
71640 4648
71650 4648
71660 4648
71670 4649
71680 4649
71690 4649
71700 4649
71710 4649
71720 4649
71730 4649
71740 4649
71750 4650
71760 4650
71770 4650
71780 4650
71790 4651
71800 4651
71810 4652
71820 4652
71830 4653
71840 4653
71850 4653
71860 4654
71870 4654
71880 4655
71890 4655
71900 4655
71910 4655
71920 4655
71930 4656
71940 4656
71950 4656
71960 4656
71970 4656
71980 4656
71990 4656
72000 4656
72010 4656
72020 4656
72030 4656
72040 4656
72050 4656
72060 4656
72070 4656
72080 4658
72090 4658
72100 4658
72110 4659
72120 4659
72130 4659
72140 4659
72150 4659
72160 4659
72170 4659
72180 4659
72190 4659
72200 4659
72210 4659
72220 4659
72230 4660
72240 4660
72250 4660
72260 4662
72270 4662
72280 4662
72290 4662
72300 4662
72310 4662
72320 4662
72330 4662
72340 4662
72350 4664
72360 4664
72370 4664
72380 4664
72390 4665
72400 4665
72410 4665
72420 4665
72430 4665
72440 4666
72450 4666
72460 4666
72470 4666
72480 4666
72490 4667
72500 4668
72510 4669
72520 4669
72530 4669
72540 4670
72550 4670
72560 4670
72570 4670
72580 4670
72590 4670
72600 4670
72610 4671
72620 4672
72630 4673
72640 4673
72650 4674
72660 4674
72670 4674
72680 4674
72690 4674
72700 4675
72710 4676
72720 4677
72730 4677
72740 4679
72750 4679
72760 4679
72770 4679
72780 4679
72790 4679
72800 4679
72810 4679
72820 4679
72830 4679
72840 4679
72850 4679
72860 4679
72870 4679
72880 4680
72890 4680
72900 4682
72910 4683
72920 4683
72930 4683
72940 4683
72950 4683
72960 4683
72970 4683
72980 4683
72990 4683
73000 4683
73010 4684
73020 4684
73030 4684
73040 4684
73050 4684
73060 4684
73070 4685
73080 4685
73090 4685
73100 4686
73110 4687
73120 4687
73130 4687
73140 4687
73150 4687
73160 4687
73170 4687
73180 4687
73190 4689
73200 4689
73210 4689
73220 4689
73230 4690
73240 4690
73250 4690
73260 4691
73270 4692
73280 4693
73290 4694
73300 4695
73310 4696
73320 4696
73330 4696
73340 4696
73350 4696
73360 4697
73370 4697
73380 4698
73390 4698
73400 4698
73410 4699
73420 4699
73430 4700
73440 4700
73450 4701
73460 4701
73470 4701
73480 4704
73490 4704
73500 4704
73510 4704
73520 4704
73530 4704
73540 4704
73550 4705
73560 4705
73570 4705
73580 4705
73590 4705
73600 4705
73610 4705
73620 4705
73630 4705
73640 4705
73650 4705
73660 4706
73670 4706
73680 4706
73690 4706
73700 4707
73710 4707
73720 4707
73730 4708
73740 4708
73750 4709
73760 4709
73770 4709
73780 4709
73790 4710
73800 4710
73810 4710
73820 4710
73830 4710
73840 4710
73850 4710
73860 4712
73870 4712
73880 4713
73890 4713
73900 4713
73910 4714
73920 4714
73930 4714
73940 4715
73950 4716
73960 4716
73970 4716
73980 4716
73990 4716
74000 4717
74010 4717
74020 4717
74030 4717
74040 4717
74050 4717
74060 4717
74070 4717
74080 4717
74090 4718
74100 4718
74110 4718
74120 4719
74130 4719
74140 4719
74150 4719
74160 4720
74170 4720
74180 4720
74190 4720
74200 4720
74210 4720
74220 4720
74230 4721
74240 4721
74250 4721
74260 4721
74270 4721
74280 4721
74290 4721
74300 4721
74310 4721
74320 4721
74330 4721
74340 4721
74350 4721
74360 4721
74370 4721
74380 4721
74390 4722
74400 4722
74410 4723
74420 4724
74430 4724
74440 4724
74450 4724
74460 4724
74470 4724
74480 4724
74490 4724
74500 4725
74510 4726
74520 4726
74530 4726
74540 4726
74550 4726
74560 4726
74570 4726
74580 4727
74590 4727
74600 4727
74610 4727
74620 4727
74630 4728
74640 4728
74650 4728
74660 4728
74670 4729
74680 4729
74690 4730
74700 4730
74710 4730
74720 4730
74730 4730
74740 4730
74750 4731
74760 4731
74770 4731
74780 4731
74790 4731
74800 4731
74810 4732
74820 4732
74830 4732
74840 4733
74850 4733
74860 4733
74870 4735
74880 4735
74890 4735
74900 4736
74910 4736
74920 4736
74930 4736
74940 4736
74950 4736
74960 4737
74970 4737
74980 4737
74990 4737
75000 4738
75010 4739
75020 4739
75030 4739
75040 4739
75050 4740
75060 4740
75070 4740
75080 4740
75090 4740
75100 4740
75110 4740
75120 4740
75130 4740
75140 4740
75150 4740
75160 4740
75170 4740
75180 4740
75190 4742
75200 4742
75210 4743
75220 4743
75230 4743
75240 4743
75250 4743
75260 4743
75270 4744
75280 4744
75290 4744
75300 4744
75310 4744
75320 4744
75330 4744
75340 4744
75350 4744
75360 4745
75370 4745
75380 4746
75390 4746
75400 4746
75410 4746
75420 4747
75430 4747
75440 4747
75450 4747
75460 4747
75470 4747
75480 4747
75490 4747
75500 4747
75510 4747
75520 4747
75530 4747
75540 4747
75550 4747
75560 4747
75570 4747
75580 4748
75590 4748
75600 4748
75610 4748
75620 4748
75630 4748
75640 4748
75650 4748
75660 4748
75670 4748
75680 4748
75690 4748
75700 4748
75710 4749
75720 4751
75730 4753
75740 4753
75750 4753
75760 4753
75770 4753
75780 4753
75790 4753
75800 4753
75810 4753
75820 4753
75830 4753
75840 4753
75850 4753
75860 4753
75870 4753
75880 4753
75890 4753
75900 4753
75910 4754
75920 4754
75930 4754
75940 4754
75950 4755
75960 4755
75970 4755
75980 4755
75990 4756
76000 4756
76010 4757
76020 4758
76030 4758
76040 4758
76050 4759
76060 4760
76070 4760
76080 4760
76090 4760
76100 4760
76110 4760
76120 4761
76130 4761
76140 4761
76150 4761
76160 4763
76170 4763
76180 4763
76190 4763
76200 4763
76210 4763
76220 4763
76230 4763
76240 4763
76250 4763
76260 4763
76270 4763
76280 4763
76290 4764
76300 4764
76310 4764
76320 4764
76330 4764
76340 4764
76350 4765
76360 4766
76370 4766
76380 4766
76390 4766
76400 4766
76410 4766
76420 4769
76430 4769
76440 4770
76450 4771
76460 4771
76470 4771
76480 4771
76490 4771
76500 4772
76510 4773
76520 4773
76530 4775
76540 4775
76550 4775
76560 4776
76570 4776
76580 4776
76590 4776
76600 4776
76610 4777
76620 4777
76630 4778
76640 4779
76650 4779
76660 4779
76670 4779
76680 4779
76690 4780
76700 4780
76710 4781
76720 4782
76730 4783
76740 4783
76750 4783
76760 4783
76770 4785
76780 4788
76790 4789
76800 4790
76810 4790
76820 4790
76830 4791
76840 4791
76850 4793
76860 4793
76870 4793
76880 4793
76890 4794
76900 4794
76910 4794
76920 4795
76930 4795
76940 4795
76950 4795
76960 4795
76970 4795
76980 4795
76990 4795
77000 4795
77010 4795
77020 4795
77030 4795
77040 4795
77050 4796
77060 4797
77070 4797
77080 4797
77090 4799
77100 4799
77110 4799
77120 4800
77130 4800
77140 4802
77150 4802
77160 4802
77170 4802
77180 4802
77190 4802
77200 4802
77210 4802
77220 4802
77230 4802
77240 4802
77250 4802
77260 4803
77270 4803
77280 4803
77290 4803
77300 4803
77310 4805
77320 4805
77330 4805
77340 4805
77350 4805
77360 4805
77370 4806
77380 4807
77390 4807
77400 4807
77410 4807
77420 4807
77430 4807
77440 4808
77450 4808
77460 4808
77470 4808
77480 4808
77490 4808
77500 4808
77510 4808
77520 4809
77530 4809
77540 4809
77550 4809
77560 4809
77570 4809
77580 4810
77590 4811
77600 4812
77610 4812
77620 4812
77630 4812
77640 4812
77650 4813
77660 4813
77670 4814
77680 4815
77690 4815
77700 4816
77710 4816
77720 4816
77730 4816
77740 4816
77750 4817
77760 4817
77770 4817
77780 4817
77790 4817
77800 4817
77810 4817
77820 4818
77830 4820
77840 4821
77850 4822
77860 4822
77870 4823
77880 4825
77890 4825
77900 4825
77910 4825
77920 4825
77930 4826
77940 4827
77950 4828
77960 4828
77970 4828
77980 4828
77990 4828
78000 4829
78010 4829
78020 4829
78030 4831
78040 4831
78050 4832
78060 4833
78070 4833
78080 4833
78090 4833
78100 4833
78110 4834
78120 4835
78130 4835
78140 4835
78150 4836
78160 4837
78170 4837
78180 4838
78190 4838
78200 4838
78210 4838
78220 4839
78230 4839
78240 4839
78250 4839
78260 4839
78270 4839
78280 4839
78290 4839
78300 4839
78310 4839
78320 4839
78330 4839
78340 4840
78350 4840
78360 4840
78370 4840
78380 4840
78390 4840
78400 4841
78410 4841
78420 4842
78430 4844
78440 4844
78450 4844
78460 4844
78470 4845
78480 4847
78490 4847
78500 4848
78510 4848
78520 4849
78530 4849
78540 4849
78550 4850
78560 4850
78570 4850
78580 4850
78590 4850
78600 4850
78610 4851
78620 4851
78630 4851
78640 4852
78650 4852
78660 4852
78670 4853
78680 4853
78690 4854
78700 4855
78710 4855
78720 4855
78730 4855
78740 4855
78750 4855
78760 4855
78770 4855
78780 4856
78790 4856
78800 4857
78810 4857
78820 4858
78830 4858
78840 4858
78850 4858
78860 4859
78870 4859
78880 4859
78890 4859
78900 4860
78910 4861
78920 4862
78930 4862
78940 4862
78950 4862
78960 4862
78970 4862
78980 4862
78990 4862
79000 4863
79010 4863
79020 4864
79030 4864
79040 4864
79050 4864
79060 4865
79070 4865
79080 4865
79090 4865
79100 4865
79110 4865
79120 4865
79130 4865
79140 4865
79150 4865
79160 4865
79170 4865
79180 4865
79190 4867
79200 4867
79210 4867
79220 4867
79230 4867
79240 4867
79250 4867
79260 4868
79270 4869
79280 4869
79290 4869
79300 4870
79310 4870
79320 4870
79330 4870
79340 4870
79350 4870
79360 4870
79370 4870
79380 4871
79390 4872
79400 4872
79410 4873
79420 4873
79430 4873
79440 4874
79450 4874
79460 4874
79470 4874
79480 4874
79490 4874
79500 4874
79510 4875
79520 4875
79530 4875
79540 4875
79550 4875
79560 4875
79570 4876
79580 4877
79590 4877
79600 4877
79610 4877
79620 4877
79630 4878
79640 4878
79650 4879
79660 4879
79670 4880
79680 4880
79690 4880
79700 4881
79710 4881
79720 4881
79730 4881
79740 4881
79750 4882
79760 4882
79770 4883
79780 4883
79790 4884
79800 4884
79810 4886
79820 4886
79830 4886
79840 4886
79850 4886
79860 4887
79870 4887
79880 4888
79890 4889
79900 4889
79910 4889
79920 4889
79930 4889
79940 4889
79950 4889
79960 4889
79970 4890
79980 4891
79990 4891
80000 4891
80010 4891
80020 4891
80030 4891
80040 4891
80050 4891
80060 4891
80070 4891
80080 4891
80090 4891
80100 4891
80110 4891
80120 4891
80130 4891
80140 4891
80150 4891
80160 4892
80170 4892
80180 4894
80190 4894
80200 4894
80210 4894
80220 4894
80230 4894
80240 4896
80250 4896
80260 4897
80270 4897
80280 4897
80290 4897
80300 4897
80310 4898
80320 4898
80330 4898
80340 4899
80350 4899
80360 4899
80370 4899
80380 4899
80390 4899
80400 4899
80410 4899
80420 4899
80430 4899
80440 4899
80450 4899
80460 4900
80470 4900
80480 4902
80490 4902
80500 4902
80510 4902
80520 4902
80530 4902
80540 4902
80550 4902
80560 4902
80570 4902
80580 4903
80590 4903
80600 4903
80610 4903
80620 4903
80630 4904
80640 4905
80650 4905
80660 4906
80670 4906
80680 4906
80690 4906
80700 4906
80710 4906
80720 4906
80730 4906
80740 4906
80750 4906
80760 4907
80770 4907
80780 4908
80790 4908
80800 4908
80810 4908
80820 4908
80830 4908
80840 4908
80850 4911
80860 4911
80870 4911
80880 4911
80890 4911
80900 4912
80910 4912
80920 4912
80930 4913
80940 4913
80950 4914
80960 4914
80970 4916
80980 4916
80990 4916
81000 4916
81010 4916
81020 4917
81030 4917
81040 4917
81050 4917
81060 4917
81070 4917
81080 4917
81090 4917
81100 4918
81110 4918
81120 4918
81130 4918
81140 4918
81150 4918
81160 4918
81170 4918
81180 4918
81190 4918
81200 4918
81210 4918
81220 4919
81230 4920
81240 4920
81250 4920
81260 4921
81270 4922
81280 4922
81290 4922
81300 4922
81310 4924
81320 4924
81330 4924
81340 4924
81350 4924
81360 4924
81370 4924
81380 4924
81390 4924
81400 4924
81410 4924
81420 4924
81430 4924
81440 4925
81450 4925
81460 4925
81470 4925
81480 4925
81490 4925
81500 4925
81510 4925
81520 4925
81530 4925
81540 4925
81550 4925
81560 4925
81570 4925
81580 4925
81590 4926
81600 4926
81610 4926
81620 4926
81630 4926
81640 4926
81650 4926
81660 4926
81670 4926
81680 4926
81690 4926
81700 4926
81710 4926
81720 4926
81730 4926
81740 4929
81750 4929
81760 4930
81770 4930
81780 4931
81790 4931
81800 4931
81810 4931
81820 4931
81830 4932
81840 4932
81850 4933
81860 4933
81870 4934
81880 4935
81890 4935
81900 4935
81910 4935
81920 4935
81930 4935
81940 4935
81950 4935
81960 4935
81970 4935
81980 4935
81990 4935
82000 4935
82010 4935
82020 4935
82030 4935
82040 4935
82050 4935
82060 4936
82070 4937
82080 4937
82090 4937
82100 4937
82110 4937
82120 4937
82130 4937
82140 4937
82150 4938
82160 4939
82170 4940
82180 4940
82190 4940
82200 4940
82210 4940
82220 4940
82230 4940
82240 4940
82250 4940
82260 4940
82270 4941
82280 4941
82290 4941
82300 4941
82310 4941
82320 4941
82330 4941
82340 4941
82350 4941
82360 4941
82370 4941
82380 4942
82390 4942
82400 4943
82410 4943
82420 4944
82430 4944
82440 4944
82450 4944
82460 4945
82470 4945
82480 4945
82490 4945
82500 4946
82510 4946
82520 4947
82530 4947
82540 4947
82550 4948
82560 4948
82570 4948
82580 4948
82590 4949
82600 4949
82610 4949
82620 4949
82630 4949
82640 4949
82650 4949
82660 4949
82670 4950
82680 4950
82690 4950
82700 4950
82710 4951
82720 4951
82730 4951
82740 4951
82750 4952
82760 4952
82770 4952
82780 4952
82790 4954
82800 4954
82810 4954
82820 4955
82830 4955
82840 4955
82850 4955
82860 4955
82870 4955
82880 4955
82890 4955
82900 4955
82910 4955
82920 4955
82930 4955
82940 4956
82950 4957
82960 4958
82970 4958
82980 4960
82990 4960
83000 4960
83010 4960
83020 4960
83030 4960
83040 4960
83050 4960
83060 4960
83070 4960
83080 4961
83090 4962
83100 4962
83110 4962
83120 4963
83130 4963
83140 4963
83150 4963
83160 4963
83170 4963
83180 4963
83190 4964
83200 4964
83210 4964
83220 4964
83230 4964
83240 4964
83250 4964
83260 4964
83270 4964
83280 4965
83290 4966
83300 4966
83310 4967
83320 4967
83330 4967
83340 4967
83350 4968
83360 4968
83370 4968
83380 4968
83390 4968
83400 4968
83410 4968
83420 4968
83430 4968
83440 4968
83450 4968
83460 4968
83470 4968
83480 4968
83490 4968
83500 4968
83510 4968
83520 4969
83530 4969
83540 4969
83550 4969
83560 4969
83570 4969
83580 4970
83590 4971
83600 4971
83610 4972
83620 4972
83630 4973
83640 4973
83650 4973
83660 4973
83670 4973
83680 4973
83690 4974
83700 4974
83710 4974
83720 4974
83730 4974
83740 4975
83750 4975
83760 4975
83770 4975
83780 4975
83790 4975
83800 4975
83810 4975
83820 4976
83830 4976
83840 4976
83850 4976
83860 4977
83870 4979
83880 4979
83890 4979
83900 4979
83910 4980
83920 4981
83930 4983
83940 4983
83950 4983
83960 4983
83970 4984
83980 4985
83990 4985
84000 4985
84010 4985
84020 4985
84030 4985
84040 4985
84050 4985
84060 4985
84070 4986
84080 4986
84090 4986
84100 4986
84110 4986
84120 4986
84130 4986
84140 4986
84150 4987
84160 4987
84170 4987
84180 4988
84190 4989
84200 4989
84210 4989
84220 4990
84230 4990
84240 4991
84250 4991
84260 4992
84270 4992
84280 4992
84290 4992
84300 4992
84310 4992
84320 4992
84330 4992
84340 4992
84350 4992
84360 4992
84370 4992
84380 4993
84390 4993
84400 4993
84410 4993
84420 4993
84430 4994
84440 4994
84450 4995
84460 4997
84470 4998
84480 4998
84490 4998
84500 4998
84510 5000
84520 5000
84530 5000
84540 5001
84550 5001
84560 5003
84570 5003
84580 5003
84590 5003
84600 5003
84610 5003
84620 5003
84630 5003
84640 5003
84650 5003
84660 5003
84670 5003
84680 5004
84690 5005
84700 5006
84710 5006
84720 5006
84730 5006
84740 5006
84750 5006
84760 5006
84770 5007
84780 5008
84790 5008
84800 5008
84810 5008
84820 5008
84830 5008
84840 5008
84850 5008
84860 5010
84870 5010
84880 5010
84890 5010
84900 5010
84910 5011
84920 5011
84930 5011
84940 5011
84950 5011
84960 5012
84970 5012
84980 5012
84990 5012
85000 5013
85010 5013
85020 5013
85030 5013
85040 5016
85050 5016
85060 5016
85070 5016
85080 5016
85090 5016
85100 5016
85110 5017
85120 5018
85130 5018
85140 5018
85150 5018
85160 5018
85170 5018
85180 5018
85190 5018
85197 5018
